idx	label	count	predict	radiusR	radius_L1	radius_L2	radius_cohen	correct	time
1	8	194186.0	8	0.0	0.681	0.471	0.469	1	0:00:19.536854
2	8	198243.0	8	0.0	0.585	0.586	0.587	1	0:00:28.445110
3	0	198610.0	0	0.0	0.606	0.607	0.608	1	0:00:28.486453
4	6	185260.0	6	0.0	0.517	0.369	0.359	1	0:00:25.189476
5	6	197161.0	6	0.0	0.541	0.542	0.542	1	0:00:28.534265
6	1	188043.0	1	0.0	0.565	0.392	0.386	1	0:00:25.660319
7	6	0	2	0.0	0.0	0.0	0.0	0	0:00:00.021041
8	3	169091.0	3	0.0	0.396	0.272	0.252	1	0:00:24.409161
9	1	197796.0	1	0.0	0.565	0.566	0.566	1	0:00:28.546307
10	0	127687.0	0	0.0	0.215	0.106	0.0864	1	0:00:23.898254
11	9	200000.0	9	0.0	0.909	0.989	0.995	1	0:00:28.592010
12	5	109311.0	5	0.0	0.113	0.0347	0.0271	1	0:00:24.189051
13	7	200000.0	7	0.0	0.909	0.989	0.995	1	0:00:28.637914
14	9	199984.0	9	0.0	0.865	0.896	0.898	1	0:00:28.595762
15	8	199993.0	8	0.0	0.884	0.928	0.931	1	0:00:28.588783
16	5	189563.0	5	0.0	0.582	0.408	0.402	1	0:00:25.824885
17	7	199960.0	7	0.0	0.834	0.852	0.854	1	0:00:28.602256
18	8	190669.0	8	0.0	0.584	0.422	0.416	1	0:00:25.193491
19	6	199999.0	6	0.0	0.904	0.973	0.977	1	0:00:28.594780
20	7	98325.0	-1	0.0	0.0	0.0	0.0	0	0:00:18.120642
21	0	192457.0	0	0.0	0.73	0.441	0.44	1	0:00:20.006119
22	4	0	0	0.0	0.0	0.0	0.0	0	0:00:00.020754
23	9	200000.0	9	0.0	0.909	0.989	0.995	1	0:00:28.699979
24	5	0	4	0.0	0.0	0.0	0.0	0	0:00:00.021004
25	2	196384.0	2	0.0	0.518	0.518	0.519	1	0:00:28.536061
26	4	122569.0	4	0.0	0.199	0.0829	0.0695	1	0:00:23.816867
27	0	149883.0	0	0.0	0.332	0.179	0.166	1	0:00:24.473758
28	9	176142.0	9	0.0	0.456	0.304	0.292	1	0:00:24.819419
29	6	200000.0	6	0.0	0.909	0.989	0.995	1	0:00:28.485831
30	6	183123.0	6	0.0	0.483	0.356	0.341	1	0:00:24.923338
31	5	163905.0	5	0.0	0.382	0.243	0.226	1	0:00:24.306826
32	4	94446.0	-1	0.0	0.0	0.0	0.0	0	0:00:17.997326
33	5	0	3	0.0	0.0	0.0	0.0	0	0:00:00.020644
34	9	199999.0	9	0.0	0.904	0.973	0.977	1	0:00:28.591084
35	2	0	1	0.0	0.0	0.0	0.0	0	0:00:00.020869
36	4	0	7	0.0	0.0	0.0	0.0	0	0:00:00.020609
37	1	0	9	0.0	0.0	0.0	0.0	0	0:00:00.020533
38	9	199970.0	9	0.0	0.845	0.867	0.869	1	0:00:28.530916
39	5	194435.0	5	0.0	0.723	0.475	0.474	1	0:00:19.821293
40	4	183216.0	4	0.0	0.521	0.349	0.342	1	0:00:25.335274
41	6	200000.0	6	0.0	0.909	0.989	0.995	1	0:00:28.608735
42	5	183685.0	5	0.0	0.501	0.357	0.346	1	0:00:25.174983
43	6	193485.0	6	0.0	0.58	0.468	0.457	1	0:00:25.300036
44	0	199933.0	0	0.0	0.811	0.824	0.825	1	0:00:28.535326
45	9	199994.0	9	0.0	0.887	0.933	0.936	1	0:00:28.575135
46	3	195460.0	3	0.0	0.749	0.496	0.495	1	0:00:19.952166
47	9	0	3	0.0	0.0	0.0	0.0	0	0:00:00.020819
48	7	165107.0	7	0.0	0.397	0.245	0.232	1	0:00:24.584378
49	6	175617.0	6	0.0	0.432	0.307	0.289	1	0:00:24.713099
50	9	199986.0	9	0.0	0.869	0.902	0.904	1	0:00:28.643235
51	8	146651.0	8	0.0	0.298	0.175	0.153	1	0:00:24.300606
52	0	0	2	0.0	0.0	0.0	0.0	0	0:00:00.020927
53	3	0	5	0.0	0.0	0.0	0.0	0	0:00:00.020546
54	8	199949.0	8	0.0	0.823	0.839	0.841	1	0:00:28.596305
55	8	194751.0	8	0.0	0.7	0.482	0.48	1	0:00:19.702263
56	7	185063.0	7	0.0	0.523	0.366	0.357	1	0:00:25.563933
57	7	0	3	0.0	0.0	0.0	0.0	0	0:00:00.020959
58	4	0	3	0.0	0.0	0.0	0.0	0	0:00:00.020603
59	6	0	3	0.0	0.0	0.0	0.0	0	0:00:00.020575
60	7	199995.0	7	0.0	0.889	0.938	0.942	1	0:00:28.636071
61	3	0	5	0.0	0.0	0.0	0.0	0	0:00:00.020888
62	6	199896.0	6	0.0	0.788	0.798	0.799	1	0:00:28.577323
63	3	0	9	0.0	0.0	0.0	0.0	0	0:00:00.021051
64	6	192470.0	6	0.0	0.607	0.446	0.441	1	0:00:25.390782
65	2	141813.0	2	0.0	0.29	0.151	0.135	1	0:00:24.295070
66	1	159204.0	1	0.0	0.374	0.217	0.204	1	0:00:24.239620
67	2	172176.0	2	0.0	0.401	0.292	0.268	1	0:00:24.447127
68	3	195078.0	3	0.0	0.633	0.493	0.487	1	0:00:25.688548
69	7	182305.0	7	0.0	0.504	0.344	0.334	1	0:00:25.288185
70	2	0	0	0.0	0.0	0.0	0.0	0	0:00:00.020952
71	6	189381.0	6	0.0	0.55	0.41	0.4	1	0:00:25.123314
72	8	199841.0	8	0.0	0.764	0.771	0.772	1	0:00:28.608558
73	8	200000.0	8	0.0	0.909	0.989	0.995	1	0:00:28.583873
74	0	190711.0	0	0.0	0.565	0.425	0.416	1	0:00:25.110914
75	2	199657.0	2	0.0	0.714	0.718	0.719	1	0:00:28.609704
76	9	115143.0	9	0.0	0.16	0.0543	0.0456	1	0:00:24.111949
77	3	184089.0	3	0.0	0.5	0.361	0.349	1	0:00:25.181546
78	3	179527.0	3	0.0	0.448	0.334	0.314	1	0:00:24.740397
79	8	199920.0	8	0.0	0.802	0.813	0.815	1	0:00:28.606649
80	8	199732.0	8	0.0	0.731	0.735	0.736	1	0:00:28.569782
81	1	199944.0	1	0.0	0.819	0.834	0.835	1	0:00:28.604511
82	1	200000.0	1	0.0	0.909	0.989	0.995	1	0:00:28.586746
83	7	190460.0	7	0.0	0.607	0.417	0.413	1	0:00:25.886168
84	2	195168.0	2	0.0	0.672	0.492	0.489	1	0:00:24.978247
85	5	0	7	0.0	0.0	0.0	0.0	0	0:00:00.020913
86	2	192948.0	2	0.0	0.617	0.453	0.448	1	0:00:25.475495
87	7	0	9	0.0	0.0	0.0	0.0	0	0:00:00.021192
88	8	199921.0	8	0.0	0.803	0.814	0.816	1	0:00:28.627547
89	9	199733.0	9	0.0	0.731	0.736	0.737	1	0:00:28.628750
90	0	178689.0	0	0.0	0.481	0.318	0.308	1	0:00:25.030122
91	3	0	2	0.0	0.0	0.0	0.0	0	0:00:00.020997
92	8	199991.0	8	0.0	0.879	0.919	0.922	1	0:00:28.641756
93	6	199483.0	6	0.0	0.685	0.687	0.688	1	0:00:28.589368
94	4	189043.0	4	0.0	0.559	0.404	0.396	1	0:00:25.122554
95	6	92362.0	-1	0.0	0.0	0.0	0.0	0	0:00:18.135421
96	6	199772.0	6	0.0	0.741	0.747	0.748	1	0:00:28.775085
97	0	99090.0	-1	0.0	0.0	0.0	0.0	0	0:00:18.078639
98	0	200000.0	0	0.0	0.909	0.989	0.995	1	0:00:28.649707
99	7	199755.0	7	0.0	0.737	0.742	0.743	1	0:00:28.566375
100	4	0	5	0.0	0.0	0.0	0.0	0	0:00:00.021023
101	5	132501.0	5	0.0	0.236	0.124	0.103	1	0:00:23.874017
102	6	199348.0	6	0.0	0.667	0.67	0.67	1	0:00:28.524905
103	3	199814.0	3	0.0	0.754	0.76	0.761	1	0:00:28.513095
104	1	200000.0	1	0.0	0.909	0.989	0.995	1	0:00:28.518392
105	1	200000.0	1	0.0	0.909	0.989	0.995	1	0:00:28.502370
106	3	0	2	0.0	0.0	0.0	0.0	0	0:00:00.020996
107	6	199826.0	6	0.0	0.758	0.765	0.766	1	0:00:28.552277
108	8	199937.0	8	0.0	0.814	0.827	0.829	1	0:00:28.518162
109	7	200000.0	7	0.0	0.909	0.989	0.995	1	0:00:28.553257
110	4	165186.0	4	0.0	0.373	0.255	0.232	1	0:00:24.043358
111	0	199997.0	0	0.0	0.896	0.952	0.956	1	0:00:28.631797
112	6	170060.0	6	0.0	0.422	0.27	0.257	1	0:00:24.590073
113	2	164657.0	2	0.0	0.366	0.254	0.229	1	0:00:24.070842
114	1	196324.0	1	0.0	0.516	0.517	0.517	1	0:00:28.633835
115	3	199182.0	3	0.0	0.65	0.651	0.652	1	0:00:28.584075
116	0	198859.0	0	0.0	0.623	0.624	0.625	1	0:00:28.564839
117	4	198197.0	4	0.0	0.583	0.584	0.585	1	0:00:28.589306
118	2	90140.0	-1	0.0	0.0	0.0	0.0	0	0:00:18.098619
119	7	0	5	0.0	0.0	0.0	0.0	0	0:00:00.020681
120	8	148913.0	8	0.0	0.306	0.184	0.162	1	0:00:23.955954
121	3	0	4	0.0	0.0	0.0	0.0	0	0:00:00.020867
122	1	199973.0	1	0.0	0.849	0.872	0.874	1	0:00:28.668295
123	2	199984.0	2	0.0	0.865	0.896	0.898	1	0:00:28.556954
124	8	152890.0	8	0.0	0.315	0.205	0.178	1	0:00:23.738963
125	0	0	8	0.0	0.0	0.0	0.0	0	0:00:00.020861
126	8	143296.0	8	0.0	0.284	0.162	0.141	1	0:00:24.038618
127	3	199111.0	3	0.0	0.643	0.645	0.645	1	0:00:28.561203
128	5	0	3	0.0	0.0	0.0	0.0	0	0:00:00.020958
129	2	0	0	0.0	0.0	0.0	0.0	0	0:00:00.020561
130	4	135391.0	4	0.0	0.265	0.123	0.113	1	0:00:24.006427
131	1	199992.0	1	0.0	0.881	0.923	0.926	1	0:00:28.586389
132	8	194292.0	8	0.0	0.687	0.473	0.471	1	0:00:19.678730
133	9	200000.0	9	0.0	0.909	0.989	0.995	1	0:00:28.600060
134	1	195608.0	1	0.0	0.498	0.499	0.499	1	0:00:28.547659
135	2	182420.0	2	0.0	0.488	0.348	0.335	1	0:00:25.129813
136	9	199879.0	9	0.0	0.78	0.788	0.789	1	0:00:28.607667
137	7	199558.0	7	0.0	0.696	0.699	0.7	1	0:00:28.535958
138	2	194784.0	2	0.0	0.732	0.481	0.481	1	0:00:19.886799
139	9	0	8	0.0	0.0	0.0	0.0	0	0:00:00.021028
140	6	159352.0	6	0.0	0.353	0.225	0.205	1	0:00:24.118831
141	5	199936.0	5	0.0	0.813	0.826	0.828	1	0:00:28.663121
142	6	198710.0	6	0.0	0.612	0.614	0.614	1	0:00:28.558982
143	3	0	7	0.0	0.0	0.0	0.0	0	0:00:00.021046
144	8	198468.0	8	0.0	0.598	0.599	0.599	1	0:00:28.582229
145	7	110511.0	7	0.0	0.122	0.0415	0.0309	1	0:00:24.128088
146	6	199394.0	6	0.0	0.673	0.675	0.676	1	0:00:28.655740
147	2	111146.0	2	0.0	0.138	0.0382	0.0329	1	0:00:24.242931
148	5	183965.0	5	0.0	0.525	0.355	0.348	1	0:00:25.435918
149	2	197568.0	2	0.0	0.556	0.557	0.557	1	0:00:28.625260
150	8	199029.0	8	0.0	0.636	0.637	0.638	1	0:00:28.601042
151	9	190472.0	9	0.0	0.587	0.419	0.413	1	0:00:25.156520
152	6	187370.0	6	0.0	0.513	0.393	0.379	1	0:00:24.679193
153	0	199962.0	0	0.0	0.836	0.855	0.857	1	0:00:28.668511
154	0	199254.0	0	0.0	0.657	0.659	0.659	1	0:00:28.595509
155	5	180738.0	5	0.0	0.484	0.334	0.323	1	0:00:25.024807
156	2	199050.0	2	0.0	0.638	0.639	0.64	1	0:00:28.595302
157	9	200000.0	9	0.0	0.909	0.989	0.995	1	0:00:28.601107
158	5	0	3	0.0	0.0	0.0	0.0	0	0:00:00.020962
159	4	199936.0	4	0.0	0.813	0.826	0.828	1	0:00:28.621986
160	2	197336.0	2	0.0	0.547	0.548	0.548	1	0:00:28.581990
161	1	194873.0	1	0.0	0.759	0.483	0.483	1	0:00:19.971253
162	6	130103.0	6	0.0	0.235	0.109	0.0945	1	0:00:24.012200
163	6	160449.0	6	0.0	0.369	0.226	0.21	1	0:00:24.263807
164	8	0	0	0.0	0.0	0.0	0.0	0	0:00:00.020846
165	4	0	2	0.0	0.0	0.0	0.0	0	0:00:00.020540
166	8	199964.0	8	0.0	0.838	0.858	0.859	1	0:00:28.614953
167	4	0	6	0.0	0.0	0.0	0.0	0	0:00:00.020915
168	5	0	7	0.0	0.0	0.0	0.0	0	0:00:00.020567
169	0	194712.0	0	0.0	0.626	0.486	0.479	1	0:00:25.573123
170	9	199629.0	9	0.0	0.709	0.712	0.713	1	0:00:28.656591
171	9	0	0	0.0	0.0	0.0	0.0	0	0:00:00.021053
172	9	91970.0	-1	0.0	0.0	0.0	0.0	0	0:00:18.122351
173	8	179982.0	8	0.0	0.475	0.33	0.317	1	0:00:25.160845
174	9	199998.0	9	0.0	0.9	0.961	0.966	1	0:00:28.633306
175	9	200000.0	9	0.0	0.909	0.989	0.995	1	0:00:28.546801
176	3	167819.0	3	0.0	0.396	0.263	0.245	1	0:00:24.395180
177	7	195715.0	7	0.0	0.728	0.502	0.501	1	0:00:19.851261
178	5	126540.0	5	0.0	0.21	0.102	0.0825	1	0:00:23.960433
179	0	199921.0	0	0.0	0.803	0.814	0.816	1	0:00:28.611033
180	0	197511.0	0	0.0	0.554	0.554	0.555	1	0:00:28.515228
181	5	196757.0	5	0.0	0.528	0.529	0.529	1	0:00:28.538541
182	2	177548.0	2	0.0	0.463	0.313	0.301	1	0:00:24.896744
183	2	174282.0	2	0.0	0.409	0.306	0.281	1	0:00:24.471306
184	3	0	0	0.0	0.0	0.0	0.0	0	0:00:00.020895
185	8	199995.0	8	0.0	0.889	0.938	0.942	1	0:00:28.556760
186	6	151013.0	6	0.0	0.324	0.188	0.17	1	0:00:23.955931
187	3	155949.0	3	0.0	0.357	0.204	0.19	1	0:00:24.124161
188	4	0	5	0.0	0.0	0.0	0.0	0	0:00:00.020898
189	0	0	8	0.0	0.0	0.0	0.0	0	0:00:00.020571
190	5	82464.0	-1	0.0	0.0	0.0	0.0	0	0:00:18.127456
191	8	184656.0	8	0.0	0.51	0.365	0.354	1	0:00:25.306155
192	0	189309.0	0	0.0	0.525	0.415	0.399	1	0:00:24.876580
193	1	199030.0	1	0.0	0.636	0.638	0.638	1	0:00:28.543508
194	7	199712.0	7	0.0	0.726	0.73	0.731	1	0:00:28.549895
195	2	176180.0	2	0.0	0.43	0.311	0.292	1	0:00:24.567027
196	8	199956.0	8	0.0	0.83	0.847	0.849	1	0:00:28.579844
197	8	199005.0	8	0.0	0.634	0.635	0.636	1	0:00:28.493021
198	7	200000.0	7	0.0	0.909	0.989	0.995	1	0:00:28.545583
199	8	126442.0	8	0.0	0.219	0.0957	0.0822	1	0:00:23.911398
200	5	179578.0	5	0.0	0.473	0.327	0.314	1	0:00:25.024957
201	1	174323.0	1	0.0	0.415	0.303	0.281	1	0:00:24.538683
202	8	196699.0	8	0.0	0.527	0.527	0.528	1	0:00:28.595893
203	7	192139.0	7	0.0	0.619	0.44	0.436	1	0:00:25.459151
204	1	199997.0	1	0.0	0.896	0.952	0.956	1	0:00:28.599762
205	3	197514.0	3	0.0	0.554	0.555	0.555	1	0:00:28.553579
206	0	193144.0	0	0.0	0.688	0.452	0.451	1	0:00:19.834264
207	5	197562.0	5	0.0	0.556	0.556	0.557	1	0:00:28.682557
208	7	199991.0	7	0.0	0.879	0.919	0.922	1	0:00:28.634631
209	9	199575.0	9	0.0	0.699	0.702	0.703	1	0:00:28.552832
210	7	0	6	0.0	0.0	0.0	0.0	0	0:00:00.021113
211	4	0	9	0.0	0.0	0.0	0.0	0	0:00:00.020618
212	5	170657.0	5	0.0	0.436	0.27	0.26	1	0:00:24.661126
213	9	137339.0	9	0.0	0.282	0.13	0.119	1	0:00:24.203796
214	8	126923.0	8	0.0	0.218	0.0993	0.0838	1	0:00:23.918266
215	0	199447.0	0	0.0	0.68	0.682	0.683	1	0:00:28.626961
216	7	200000.0	7	0.0	0.909	0.989	0.995	1	0:00:28.620924
217	9	197970.0	9	0.0	0.573	0.573	0.574	1	0:00:28.574467
218	8	0	3	0.0	0.0	0.0	0.0	0	0:00:00.021140
219	2	186659.0	2	0.0	0.533	0.381	0.372	1	0:00:25.616064
220	7	140778.0	7	0.0	0.295	0.144	0.132	1	0:00:24.474206
221	6	190301.0	6	0.0	0.558	0.421	0.411	1	0:00:25.220446
222	9	200000.0	9	0.0	0.909	0.989	0.995	1	0:00:28.667486
223	4	182225.0	4	0.0	0.477	0.349	0.334	1	0:00:25.025447
224	3	0	5	0.0	0.0	0.0	0.0	0	0:00:00.020978
225	9	111729.0	9	0.0	0.139	0.0411	0.0347	1	0:00:24.283809
226	6	0	4	0.0	0.0	0.0	0.0	0	0:00:00.021041
227	4	190911.0	4	0.0	0.56	0.429	0.419	1	0:00:25.104240
228	7	161849.0	7	0.0	0.387	0.228	0.216	1	0:00:24.458262
229	6	182659.0	6	0.0	0.485	0.351	0.337	1	0:00:25.118225
230	5	200000.0	5	0.0	0.909	0.989	0.995	1	0:00:28.656624
231	1	200000.0	1	0.0	0.909	0.989	0.995	1	0:00:28.656364
232	5	110065.0	5	0.0	0.129	0.034	0.0294	1	0:00:24.172979
233	8	0	1	0.0	0.0	0.0	0.0	0	0:00:00.020941
234	8	198964.0	8	0.0	0.631	0.632	0.633	1	0:00:28.647046
235	0	200000.0	0	0.0	0.909	0.989	0.995	1	0:00:28.619250
236	4	190509.0	4	0.0	0.567	0.422	0.414	1	0:00:25.188995
237	0	0	7	0.0	0.0	0.0	0.0	0	0:00:00.021093
238	5	0	3	0.0	0.0	0.0	0.0	0	0:00:00.020580
239	5	198319.0	5	0.0	0.589	0.59	0.591	1	0:00:28.618440
240	1	200000.0	1	0.0	0.909	0.989	0.995	1	0:00:28.658818
241	1	199933.0	1	0.0	0.811	0.824	0.825	1	0:00:28.611222
242	8	92960.0	-1	0.0	0.0	0.0	0.0	0	0:00:18.108392
243	9	177443.0	9	0.0	0.476	0.309	0.3	1	0:00:25.187551
244	0	196338.0	0	0.0	0.516	0.517	0.517	1	0:00:28.657821
245	3	0	2	0.0	0.0	0.0	0.0	0	0:00:00.020909
246	1	172407.0	1	0.0	0.446	0.279	0.27	1	0:00:24.781781
247	9	0	8	0.0	0.0	0.0	0.0	0	0:00:00.020926
248	2	197657.0	2	0.0	0.559	0.56	0.561	1	0:00:28.611551
249	2	190839.0	2	0.0	0.623	0.421	0.418	1	0:00:26.073953
250	5	0	7	0.0	0.0	0.0	0.0	0	0:00:00.021199
251	3	175036.0	3	0.0	0.469	0.293	0.285	1	0:00:25.094904
252	9	200000.0	9	0.0	0.909	0.989	0.995	1	0:00:28.664710
253	9	197921.0	9	0.0	0.57	0.571	0.572	1	0:00:28.615634
254	4	0	6	0.0	0.0	0.0	0.0	0	0:00:00.020929
255	0	93650.0	-1	0.0	0.0	0.0	0.0	0	0:00:18.098236
256	3	157177.0	3	0.0	0.359	0.21	0.196	1	0:00:24.293997
257	0	200000.0	0	0.0	0.909	0.989	0.995	1	0:00:28.663541
258	0	0	8	0.0	0.0	0.0	0.0	0	0:00:00.021183
259	9	174712.0	9	0.0	0.446	0.295	0.283	1	0:00:24.760618
260	8	197724.0	8	0.0	0.562	0.563	0.563	1	0:00:28.560199
261	1	199891.0	1	0.0	0.786	0.795	0.796	1	0:00:28.551240
262	5	0	3	0.0	0.0	0.0	0.0	0	0:00:00.020993
263	7	174315.0	7	0.0	0.427	0.298	0.281	1	0:00:24.631022
264	0	0	8	0.0	0.0	0.0	0.0	0	0:00:00.020904
265	8	199998.0	8	0.0	0.9	0.961	0.966	1	0:00:28.545676
266	2	0	8	0.0	0.0	0.0	0.0	0	0:00:00.021001
267	4	199951.0	4	0.0	0.825	0.841	0.843	1	0:00:28.565059
268	7	199994.0	7	0.0	0.887	0.933	0.936	1	0:00:28.558104
269	0	0	3	0.0	0.0	0.0	0.0	0	0:00:00.021160
270	2	0	4	0.0	0.0	0.0	0.0	0	0:00:00.020674
271	3	0	5	0.0	0.0	0.0	0.0	0	0:00:00.020600
272	6	200000.0	6	0.0	0.909	0.989	0.995	1	0:00:28.590562
273	3	197918.0	3	0.0	0.57	0.571	0.571	1	0:00:28.540546
274	8	177724.0	8	0.0	0.448	0.318	0.302	1	0:00:24.686388
275	5	125594.0	5	0.0	0.215	0.0927	0.0794	1	0:00:23.972594
276	0	199994.0	0	0.0	0.887	0.933	0.936	1	0:00:28.624248
277	3	0	2	0.0	0.0	0.0	0.0	0	0:00:00.020957
278	4	176797.0	4	0.0	0.429	0.318	0.296	1	0:00:24.600296
279	3	0	5	0.0	0.0	0.0	0.0	0	0:00:00.020886
280	9	173889.0	9	0.0	0.45	0.289	0.278	1	0:00:24.793542
281	0	0	1	0.0	0.0	0.0	0.0	0	0:00:00.020931
282	6	199591.0	6	0.0	0.702	0.705	0.706	1	0:00:28.588004
283	1	200000.0	1	0.0	0.909	0.989	0.995	1	0:00:28.619363
284	0	0	9	0.0	0.0	0.0	0.0	0	0:00:00.021002
285	9	200000.0	9	0.0	0.909	0.989	0.995	1	0:00:28.595787
286	1	199646.0	1	0.0	0.712	0.716	0.716	1	0:00:28.646656
287	0	0	8	0.0	0.0	0.0	0.0	0	0:00:00.021144
288	7	199998.0	7	0.0	0.9	0.961	0.966	1	0:00:28.616223
289	9	200000.0	9	0.0	0.909	0.989	0.995	1	0:00:28.607969
290	1	199999.0	1	0.0	0.904	0.973	0.977	1	0:00:28.581107
291	2	199274.0	2	0.0	0.659	0.661	0.662	1	0:00:28.567615
292	6	194675.0	6	0.0	0.675	0.481	0.479	1	0:00:24.674045
293	9	0	1	0.0	0.0	0.0	0.0	0	0:00:00.020942
294	3	199989.0	3	0.0	0.875	0.911	0.914	1	0:00:28.660355
295	4	119501.0	4	0.0	0.182	0.0703	0.0595	1	0:00:24.239654
296	6	199632.0	6	0.0	0.709	0.713	0.714	1	0:00:28.660541
297	0	199994.0	0	0.0	0.887	0.933	0.936	1	0:00:28.569032
298	0	199850.0	0	0.0	0.767	0.775	0.776	1	0:00:28.611913
299	6	199872.0	6	0.0	0.776	0.785	0.786	1	0:00:28.605509
300	6	199999.0	6	0.0	0.904	0.973	0.977	1	0:00:28.614182
301	6	194831.0	6	0.0	0.679	0.484	0.482	1	0:00:19.671114
302	3	0	5	0.0	0.0	0.0	0.0	0	0:00:00.020825
303	2	155064.0	2	0.0	0.324	0.213	0.187	1	0:00:23.997058
304	6	197869.0	6	0.0	0.568	0.569	0.569	1	0:00:28.660683
305	1	199416.0	1	0.0	0.676	0.678	0.679	1	0:00:28.524036
306	8	87837.0	-1	0.0	0.0	0.0	0.0	0	0:00:18.057910
307	2	184106.0	2	0.0	0.476	0.368	0.349	1	0:00:24.442374
308	1	199225.0	1	0.0	0.654	0.656	0.656	1	0:00:28.585479
309	6	0	2	0.0	0.0	0.0	0.0	0	0:00:00.020879
310	8	195104.0	8	0.0	0.487	0.487	0.488	1	0:00:18.626184
311	6	200000.0	6	0.0	0.909	0.989	0.995	1	0:00:28.628793
312	8	119741.0	8	0.0	0.173	0.0796	0.0603	1	0:00:23.667097
313	0	81514.0	-1	0.0	0.0	0.0	0.0	0	0:00:18.067992
314	4	0	3	0.0	0.0	0.0	0.0	0	0:00:00.020682
315	0	199998.0	0	0.0	0.9	0.961	0.966	1	0:00:28.674652
316	7	0	2	0.0	0.0	0.0	0.0	0	0:00:00.021071
317	7	196181.0	7	0.0	0.512	0.513	0.513	1	0:00:28.579147
318	5	198110.0	5	0.0	0.579	0.58	0.58	1	0:00:28.510727
319	5	165123.0	5	0.0	0.393	0.246	0.232	1	0:00:24.443960
320	3	163887.0	3	0.0	0.373	0.245	0.226	1	0:00:24.103001
321	5	143403.0	5	0.0	0.296	0.157	0.141	1	0:00:24.355000
322	2	198770.0	2	0.0	0.616	0.618	0.618	1	0:00:28.550270
323	3	115301.0	3	0.0	0.154	0.0592	0.0461	1	0:00:24.090459
324	4	132481.0	4	0.0	0.244	0.119	0.103	1	0:00:23.907353
325	1	186158.0	1	0.0	0.532	0.376	0.367	1	0:00:25.618546
326	7	112039.0	7	0.0	0.136	0.045	0.0357	1	0:00:24.063163
327	5	155002.0	5	0.0	0.338	0.205	0.186	1	0:00:24.066838
328	4	181199.0	4	0.0	0.483	0.338	0.326	1	0:00:24.999757
329	6	188751.0	6	0.0	0.557	0.401	0.393	1	0:00:25.036006
330	1	200000.0	1	0.0	0.909	0.989	0.995	1	0:00:28.588454
331	9	200000.0	9	0.0	0.909	0.989	0.995	1	0:00:28.587305
332	3	0	6	0.0	0.0	0.0	0.0	0	0:00:00.021523
333	6	199999.0	6	0.0	0.904	0.973	0.977	1	0:00:28.574349
334	6	199974.0	6	0.0	0.85	0.874	0.876	1	0:00:28.584551
335	9	199629.0	9	0.0	0.709	0.712	0.713	1	0:00:28.586616
336	3	199828.0	3	0.0	0.759	0.766	0.767	1	0:00:28.597742
337	8	198520.0	8	0.0	0.601	0.602	0.602	1	0:00:28.544458
338	0	199533.0	0	0.0	0.692	0.695	0.696	1	0:00:28.525693
339	7	103042.0	7	0.0	0.0373	0.00833	0.00737	1	0:00:24.609649
340	2	0	4	0.0	0.0	0.0	0.0	0	0:00:00.020944
341	6	199854.0	6	0.0	0.769	0.776	0.777	1	0:00:28.643726
342	2	151631.0	2	0.0	0.329	0.189	0.173	1	0:00:24.053745
343	5	0	3	0.0	0.0	0.0	0.0	0	0:00:00.020927
344	8	199863.0	8	0.0	0.773	0.78	0.782	1	0:00:28.671465
345	5	199997.0	5	0.0	0.896	0.952	0.956	1	0:00:28.610863
346	4	195006.0	4	0.0	0.67	0.488	0.486	1	0:00:25.117620
347	6	180166.0	6	0.0	0.452	0.338	0.319	1	0:00:24.788918
348	8	200000.0	8	0.0	0.909	0.989	0.995	1	0:00:28.652107
349	9	171090.0	9	0.0	0.439	0.272	0.262	1	0:00:24.707540
350	9	199863.0	9	0.0	0.773	0.78	0.782	1	0:00:28.664627
351	1	0	9	0.0	0.0	0.0	0.0	0	0:00:00.020946
352	0	100083.0	-1	0.0	0.0	0.0	0.0	0	0:00:18.095619
353	2	200000.0	2	0.0	0.909	0.989	0.995	1	0:00:28.681124
354	2	95644.0	-1	0.0	0.0	0.0	0.0	0	0:00:18.095918
355	7	198147.0	7	0.0	0.581	0.582	0.582	1	0:00:28.653868
356	3	0	4	0.0	0.0	0.0	0.0	0	0:00:00.020916
357	2	98631.0	-1	0.0	0.0	0.0	0.0	0	0:00:18.077834
358	8	142026.0	8	0.0	0.277	0.159	0.136	1	0:00:24.089204
359	0	192973.0	0	0.0	0.601	0.455	0.448	1	0:00:25.503131
360	9	198697.0	9	0.0	0.611	0.613	0.613	1	0:00:28.580501
361	5	144831.0	5	0.0	0.306	0.16	0.146	1	0:00:24.465854
362	8	200000.0	8	0.0	0.909	0.989	0.995	1	0:00:28.615649
363	1	112293.0	1	0.0	0.142	0.0427	0.0365	1	0:00:24.228163
364	9	200000.0	9	0.0	0.909	0.989	0.995	1	0:00:28.620683
365	4	157040.0	4	0.0	0.36	0.208	0.195	1	0:00:24.166954
366	1	0	0	0.0	0.0	0.0	0.0	0	0:00:00.020949
367	3	0	1	0.0	0.0	0.0	0.0	0	0:00:00.020568
368	8	0	4	0.0	0.0	0.0	0.0	0	0:00:00.020573
369	1	199856.0	1	0.0	0.77	0.777	0.778	1	0:00:28.663439
370	4	99310.0	-1	0.0	0.0	0.0	0.0	0	0:00:18.124324
371	7	199995.0	7	0.0	0.889	0.938	0.942	1	0:00:28.735029
372	9	199994.0	9	0.0	0.887	0.933	0.936	1	0:00:28.616743
373	4	197421.0	4	0.0	0.55	0.551	0.551	1	0:00:28.574228
374	2	198644.0	2	0.0	0.608	0.609	0.61	1	0:00:28.580433
375	7	197343.0	7	0.0	0.548	0.548	0.549	1	0:00:28.531670
376	0	105617.0	0	0.0	0.0803	0.0186	0.0154	1	0:00:24.428737
377	7	96410.0	-1	0.0	0.0	0.0	0.0	0	0:00:18.078124
378	0	0	2	0.0	0.0	0.0	0.0	0	0:00:00.020700
379	6	199923.0	6	0.0	0.804	0.816	0.817	1	0:00:28.679582
380	6	192850.0	6	0.0	0.586	0.455	0.446	1	0:00:25.414696
381	9	198594.0	9	0.0	0.605	0.606	0.607	1	0:00:28.599077
382	0	200000.0	0	0.0	0.909	0.989	0.995	1	0:00:28.612906
383	9	183508.0	9	0.0	0.506	0.354	0.344	1	0:00:25.245154
384	2	110600.0	2	0.0	0.129	0.0378	0.0311	1	0:00:24.202284
385	8	0	0	0.0	0.0	0.0	0.0	0	0:00:00.020979
386	7	199623.0	7	0.0	0.708	0.711	0.712	1	0:00:28.681458
387	2	0	5	0.0	0.0	0.0	0.0	0	0:00:00.020942
388	2	0	5	0.0	0.0	0.0	0.0	0	0:00:00.020615
389	5	199998.0	5	0.0	0.9	0.961	0.966	1	0:00:28.630225
390	1	199990.0	1	0.0	0.877	0.915	0.918	1	0:00:28.618161
391	2	199768.0	2	0.0	0.74	0.745	0.746	1	0:00:28.573464
392	6	199997.0	6	0.0	0.896	0.952	0.956	1	0:00:28.555032
393	2	114482.0	2	0.0	0.153	0.0518	0.0434	1	0:00:24.165970
394	9	117975.0	9	0.0	0.177	0.0641	0.0546	1	0:00:24.225229
395	6	188694.0	6	0.0	0.526	0.406	0.393	1	0:00:24.853906
396	2	185857.0	2	0.0	0.52	0.375	0.364	1	0:00:25.510813
397	3	166135.0	3	0.0	0.389	0.254	0.237	1	0:00:24.517787
398	0	199713.0	0	0.0	0.726	0.731	0.732	1	0:00:28.650661
399	3	152540.0	3	0.0	0.342	0.19	0.176	1	0:00:24.113575
400	9	199779.0	9	0.0	0.743	0.749	0.75	1	0:00:28.678171
401	8	0	1	0.0	0.0	0.0	0.0	0	0:00:00.021303
402	7	191417.0	7	0.0	0.612	0.43	0.426	1	0:00:25.448087
403	8	191585.0	8	0.0	0.539	0.445	0.428	1	0:00:25.026125
404	8	199724.0	8	0.0	0.729	0.733	0.734	1	0:00:28.679217
405	4	74895.0	-1	0.0	0.0	0.0	0.0	0	0:00:18.115544
406	0	196683.0	0	0.0	0.526	0.527	0.527	1	0:00:28.679872
407	1	199006.0	1	0.0	0.634	0.636	0.636	1	0:00:28.587820
408	8	199458.0	8	0.0	0.681	0.684	0.685	1	0:00:28.517310
409	2	199363.0	2	0.0	0.669	0.671	0.672	1	0:00:28.541368
410	7	199768.0	7	0.0	0.74	0.745	0.746	1	0:00:28.567866
411	9	181580.0	9	0.0	0.487	0.34	0.329	1	0:00:25.060539
412	3	158781.0	3	0.0	0.366	0.217	0.203	1	0:00:24.156190
413	6	199961.0	6	0.0	0.835	0.853	0.855	1	0:00:28.646918
414	1	199995.0	1	0.0	0.889	0.938	0.942	1	0:00:28.607833
415	9	200000.0	9	0.0	0.909	0.989	0.995	1	0:00:28.613195
416	0	140207.0	0	0.0	0.295	0.141	0.13	1	0:00:24.412511
417	7	171200.0	7	0.0	0.429	0.275	0.263	1	0:00:24.752571
418	3	0	5	0.0	0.0	0.0	0.0	0	0:00:00.020900
419	7	197726.0	7	0.0	0.562	0.563	0.563	1	0:00:28.602314
420	4	199500.0	4	0.0	0.687	0.69	0.691	1	0:00:28.582310
421	5	0	3	0.0	0.0	0.0	0.0	0	0:00:00.020978
422	0	0	8	0.0	0.0	0.0	0.0	0	0:00:00.020594
423	0	188550.0	0	0.0	0.562	0.398	0.391	1	0:00:25.780667
424	2	142366.0	2	0.0	0.27	0.164	0.137	1	0:00:24.031050
425	9	200000.0	9	0.0	0.909	0.989	0.995	1	0:00:28.648408
426	3	0	5	0.0	0.0	0.0	0.0	0	0:00:00.020956
427	4	0	2	0.0	0.0	0.0	0.0	0	0:00:00.020643
428	0	0	6	0.0	0.0	0.0	0.0	0	0:00:00.020547
429	6	199999.0	6	0.0	0.904	0.973	0.977	1	0:00:28.592899
430	2	0	4	0.0	0.0	0.0	0.0	0	0:00:00.021063
431	5	0	3	0.0	0.0	0.0	0.0	0	0:00:00.020572
432	3	101465.0	3	0.0	0.00225	0.00317	0.00242	1	0:00:25.453077
433	7	167262.0	7	0.0	0.398	0.258	0.242	1	0:00:24.455378
434	3	0	9	0.0	0.0	0.0	0.0	0	0:00:00.020935
435	7	197279.0	7	0.0	0.545	0.546	0.546	1	0:00:28.595627
436	2	0	3	0.0	0.0	0.0	0.0	0	0:00:00.021020
437	5	0	4	0.0	0.0	0.0	0.0	0	0:00:00.020685
438	3	159826.0	3	0.0	0.362	0.225	0.207	1	0:00:24.108964
439	1	0	9	0.0	0.0	0.0	0.0	0	0:00:00.021088
440	1	199650.0	1	0.0	0.713	0.716	0.717	1	0:00:28.628530
441	4	127167.0	4	0.0	0.215	0.103	0.0846	1	0:00:23.941159
442	9	200000.0	9	0.0	0.909	0.989	0.995	1	0:00:28.652266
443	9	199981.0	9	0.0	0.86	0.888	0.891	1	0:00:28.599615
444	5	193850.0	5	0.0	0.64	0.467	0.463	1	0:00:25.154173
445	7	0	2	0.0	0.0	0.0	0.0	0	0:00:00.020970
446	5	94335.0	-1	0.0	0.0	0.0	0.0	0	0:00:18.096121
447	0	199662.0	0	0.0	0.715	0.719	0.72	1	0:00:28.679862
448	2	194451.0	2	0.0	0.677	0.476	0.474	1	0:00:19.679314
449	2	175865.0	2	0.0	0.441	0.305	0.29	1	0:00:24.682542
450	2	198842.0	2	0.0	0.621	0.623	0.623	1	0:00:28.590827
451	9	183003.0	9	0.0	0.516	0.348	0.34	1	0:00:25.312913
452	7	200000.0	7	0.0	0.909	0.989	0.995	1	0:00:28.610471
453	3	123510.0	3	0.0	0.193	0.0939	0.0726	1	0:00:23.882654
454	9	194922.0	9	0.0	0.483	0.483	0.484	1	0:00:28.567089
455	4	0	5	0.0	0.0	0.0	0.0	0	0:00:00.020916
456	3	0	4	0.0	0.0	0.0	0.0	0	0:00:00.020579
457	5	96003.0	-1	0.0	0.0	0.0	0.0	0	0:00:18.063889
458	4	106210.0	4	0.0	0.0919	0.0204	0.0173	1	0:00:24.540388
459	6	0	8	0.0	0.0	0.0	0.0	0	0:00:00.021009
460	5	198857.0	5	0.0	0.622	0.624	0.624	1	0:00:28.622464
461	6	190226.0	6	0.0	0.551	0.421	0.41	1	0:00:25.039121
462	1	199656.0	1	0.0	0.714	0.718	0.719	1	0:00:28.640410
463	4	148413.0	4	0.0	0.304	0.182	0.16	1	0:00:23.810888
464	3	124501.0	3	0.0	0.201	0.0944	0.0758	1	0:00:23.916953
465	4	166431.0	4	0.0	0.4	0.253	0.238	1	0:00:24.525373
466	4	198934.0	4	0.0	0.628	0.63	0.63	1	0:00:28.648132
467	3	166156.0	3	0.0	0.393	0.252	0.237	1	0:00:24.486573
468	7	199675.0	7	0.0	0.718	0.722	0.723	1	0:00:28.651608
469	8	199767.0	8	0.0	0.74	0.745	0.746	1	0:00:28.572360
470	3	117812.0	3	0.0	0.171	0.0665	0.0541	1	0:00:24.169937
471	7	199927.0	7	0.0	0.806	0.819	0.82	1	0:00:28.589761
472	8	199937.0	8	0.0	0.814	0.827	0.829	1	0:00:28.573587
473	0	163855.0	0	0.0	0.35	0.259	0.226	1	0:00:23.898293
474	5	200000.0	5	0.0	0.909	0.989	0.995	1	0:00:28.649603
475	7	199990.0	7	0.0	0.877	0.915	0.918	1	0:00:28.596685
476	6	161488.0	6	0.0	0.375	0.23	0.215	1	0:00:24.239411
477	0	161591.0	0	0.0	0.376	0.23	0.215	1	0:00:24.225446
478	5	188433.0	5	0.0	0.555	0.397	0.39	1	0:00:25.144519
479	4	174793.0	4	0.0	0.412	0.309	0.284	1	0:00:24.560624
480	8	0	9	0.0	0.0	0.0	0.0	0	0:00:00.020989
481	6	199863.0	6	0.0	0.773	0.78	0.782	1	0:00:28.657994
482	8	199594.0	8	0.0	0.702	0.706	0.706	1	0:00:28.536444
483	5	0	2	0.0	0.0	0.0	0.0	0	0:00:00.021260
484	5	197927.0	5	0.0	0.571	0.571	0.572	1	0:00:28.586880
485	9	96131.0	-1	0.0	0.0	0.0	0.0	0	0:00:18.090037
486	9	199955.0	9	0.0	0.829	0.846	0.848	1	0:00:28.736244
487	9	199898.0	9	0.0	0.789	0.799	0.8	1	0:00:28.634103
488	5	137672.0	5	0.0	0.269	0.136	0.121	1	0:00:24.052505
489	0	199862.0	0	0.0	0.772	0.78	0.781	1	0:00:28.593867
490	1	199962.0	1	0.0	0.836	0.855	0.857	1	0:00:28.562084
491	0	0	3	0.0	0.0	0.0	0.0	0	0:00:00.021049
492	8	139385.0	8	0.0	0.277	0.143	0.127	1	0:00:24.033142
493	1	199999.0	1	0.0	0.904	0.973	0.977	1	0:00:28.563658
494	1	157339.0	1	0.0	0.393	0.203	0.196	1	0:00:24.432932
495	8	198615.0	8	0.0	0.606	0.607	0.608	1	0:00:28.544770
496	0	165610.0	0	0.0	0.406	0.246	0.234	1	0:00:24.555279
497	2	199920.0	2	0.0	0.802	0.813	0.815	1	0:00:28.584506
498	2	199858.0	2	0.0	0.771	0.778	0.779	1	0:00:28.591382
499	0	191779.0	0	0.0	0.637	0.433	0.431	1	0:00:25.774776
500	4	0	6	0.0	0.0	0.0	0.0	0	0:00:00.020908
501	6	197669.0	6	0.0	0.56	0.561	0.561	1	0:00:28.570453
502	5	143259.0	5	0.0	0.296	0.155	0.141	1	0:00:24.321916
503	4	196423.0	4	0.0	0.519	0.519	0.52	1	0:00:28.637948
504	9	199919.0	9	0.0	0.801	0.813	0.814	1	0:00:28.591844
505	4	196334.0	4	0.0	0.516	0.517	0.517	1	0:00:28.607213
506	7	199759.0	7	0.0	0.738	0.743	0.744	1	0:00:28.607303
507	9	200000.0	9	0.0	0.909	0.989	0.995	1	0:00:28.625607
508	9	0	6	0.0	0.0	0.0	0.0	0	0:00:00.021028
509	4	158302.0	4	0.0	0.349	0.22	0.2	1	0:00:24.056653
510	5	199820.0	5	0.0	0.756	0.763	0.764	1	0:00:28.658198
511	6	199665.0	6	0.0	0.716	0.72	0.72	1	0:00:28.628943
512	6	200000.0	6	0.0	0.909	0.989	0.995	1	0:00:28.649585
513	1	162732.0	1	0.0	0.384	0.234	0.22	1	0:00:24.405302
514	5	200000.0	5	0.0	0.909	0.989	0.995	1	0:00:28.686239
515	3	198729.0	3	0.0	0.614	0.615	0.615	1	0:00:28.613615
516	8	200000.0	8	0.0	0.909	0.989	0.995	1	0:00:28.639124
517	9	199822.0	9	0.0	0.757	0.763	0.764	1	0:00:28.619863
518	5	0	7	0.0	0.0	0.0	0.0	0	0:00:00.021137
519	8	192774.0	8	0.0	0.654	0.448	0.445	1	0:00:25.135328
520	5	198895.0	5	0.0	0.625	0.627	0.627	1	0:00:28.614572
521	7	200000.0	7	0.0	0.909	0.989	0.995	1	0:00:28.621168
522	0	196793.0	0	0.0	0.53	0.53	0.53	1	0:00:28.579935
523	7	199931.0	7	0.0	0.809	0.822	0.824	1	0:00:28.638090
524	0	197209.0	0	0.0	0.543	0.544	0.544	1	0:00:28.561353
525	5	0	3	0.0	0.0	0.0	0.0	0	0:00:00.020942
526	0	0	4	0.0	0.0	0.0	0.0	0	0:00:00.020596
527	0	166842.0	0	0.0	0.406	0.253	0.24	1	0:00:24.495990
528	4	136878.0	4	0.0	0.266	0.133	0.118	1	0:00:24.138721
529	6	199975.0	6	0.0	0.851	0.876	0.878	1	0:00:28.686986
530	9	199917.0	9	0.0	0.8	0.811	0.813	1	0:00:28.630449
531	0	118821.0	0	0.0	0.176	0.07	0.0573	1	0:00:24.136572
532	9	0	1	0.0	0.0	0.0	0.0	0	0:00:00.020885
533	5	199999.0	5	0.0	0.904	0.973	0.977	1	0:00:28.622635
534	6	197070.0	6	0.0	0.538	0.539	0.539	1	0:00:28.623963
535	6	199516.0	6	0.0	0.69	0.692	0.693	1	0:00:28.580757
536	6	199295.0	6	0.0	0.661	0.663	0.664	1	0:00:28.586313
537	2	150667.0	2	0.0	0.304	0.197	0.169	1	0:00:23.820648
538	9	124843.0	9	0.0	0.205	0.0932	0.0769	1	0:00:23.995767
539	0	198597.0	0	0.0	0.605	0.606	0.607	1	0:00:28.633232
540	1	199698.0	1	0.0	0.723	0.727	0.728	1	0:00:28.642020
541	7	183504.0	7	0.0	0.497	0.356	0.344	1	0:00:25.213402
542	6	199607.0	6	0.0	0.705	0.708	0.709	1	0:00:28.619010
543	7	199991.0	7	0.0	0.879	0.919	0.922	1	0:00:28.643319
544	5	200000.0	5	0.0	0.909	0.989	0.995	1	0:00:28.617974
545	9	199994.0	9	0.0	0.887	0.933	0.936	1	0:00:28.591437
546	1	199997.0	1	0.0	0.896	0.952	0.956	1	0:00:28.585245
547	6	199989.0	6	0.0	0.875	0.911	0.914	1	0:00:28.582979
548	2	0	6	0.0	0.0	0.0	0.0	0	0:00:00.021003
549	5	145747.0	5	0.0	0.309	0.165	0.15	1	0:00:24.458465
550	5	106065.0	5	0.0	0.0856	0.0224	0.0169	1	0:00:24.381953
551	5	0	3	0.0	0.0	0.0	0.0	0	0:00:00.020965
552	8	188344.0	8	0.0	0.536	0.4	0.389	1	0:00:24.966379
553	5	96992.0	-1	0.0	0.0	0.0	0.0	0	0:00:18.145482
554	9	199985.0	9	0.0	0.867	0.899	0.901	1	0:00:28.764244
555	4	0	8	0.0	0.0	0.0	0.0	0	0:00:00.021042
556	6	159314.0	6	0.0	0.341	0.232	0.205	1	0:00:23.868935
557	4	199896.0	4	0.0	0.788	0.798	0.799	1	0:00:28.523909
558	3	199872.0	3	0.0	0.776	0.785	0.786	1	0:00:28.507660
559	2	199248.0	2	0.0	0.656	0.658	0.659	1	0:00:28.419657
560	0	200000.0	0	0.0	0.909	0.989	0.995	1	0:00:28.423653
561	7	199953.0	7	0.0	0.827	0.843	0.845	1	0:00:28.421599
562	6	0	3	0.0	0.0	0.0	0.0	0	0:00:00.020966
563	2	128126.0	2	0.0	0.215	0.11	0.0878	1	0:00:23.839828
564	2	0	4	0.0	0.0	0.0	0.0	0	0:00:00.021006
565	3	0	5	0.0	0.0	0.0	0.0	0	0:00:00.020566
566	9	199984.0	9	0.0	0.865	0.896	0.898	1	0:00:28.464549
567	7	0	3	0.0	0.0	0.0	0.0	0	0:00:00.020998
568	9	182292.0	9	0.0	0.508	0.343	0.334	1	0:00:25.088612
569	2	188110.0	2	0.0	0.533	0.397	0.386	1	0:00:24.772317
570	6	197966.0	6	0.0	0.572	0.573	0.574	1	0:00:28.510675
571	7	199998.0	7	0.0	0.9	0.961	0.966	1	0:00:28.509513
572	1	190366.0	1	0.0	0.578	0.419	0.412	1	0:00:25.119980
573	3	122455.0	3	0.0	0.191	0.0872	0.0691	1	0:00:23.917677
574	6	200000.0	6	0.0	0.909	0.989	0.995	1	0:00:28.635362
575	6	192995.0	6	0.0	0.591	0.457	0.449	1	0:00:25.421397
576	8	199993.0	8	0.0	0.884	0.928	0.931	1	0:00:28.649970
577	9	0	8	0.0	0.0	0.0	0.0	0	0:00:00.020912
578	7	192619.0	7	0.0	0.692	0.444	0.443	1	0:00:19.871372
579	5	0	2	0.0	0.0	0.0	0.0	0	0:00:00.020824
580	4	179508.0	4	0.0	0.473	0.326	0.314	1	0:00:25.162175
581	0	162090.0	0	0.0	0.378	0.232	0.217	1	0:00:24.277361
582	8	199016.0	8	0.0	0.635	0.636	0.637	1	0:00:28.553867
583	4	161111.0	4	0.0	0.344	0.242	0.213	1	0:00:23.864569
584	0	200000.0	0	0.0	0.909	0.989	0.995	1	0:00:28.530771
585	9	194870.0	9	0.0	0.482	0.482	0.483	1	0:00:28.502001
586	3	0	6	0.0	0.0	0.0	0.0	0	0:00:00.021270
587	4	190955.0	4	0.0	0.551	0.432	0.419	1	0:00:25.015945
588	8	198574.0	8	0.0	0.604	0.605	0.605	1	0:00:28.529454
589	9	199999.0	9	0.0	0.904	0.973	0.977	1	0:00:28.537392
590	6	199978.0	6	0.0	0.856	0.882	0.884	1	0:00:28.583000
591	9	191693.0	9	0.0	0.595	0.436	0.429	1	0:00:25.354786
592	2	199999.0	2	0.0	0.904	0.973	0.977	1	0:00:28.562682
593	6	163017.0	6	0.0	0.359	0.247	0.222	1	0:00:24.017111
594	1	189714.0	1	0.0	0.561	0.412	0.404	1	0:00:25.155483
595	4	193810.0	4	0.0	0.614	0.469	0.462	1	0:00:25.582909
596	7	168156.0	7	0.0	0.411	0.26	0.247	1	0:00:24.674537
597	3	0	2	0.0	0.0	0.0	0.0	0	0:00:00.020824
598	5	0	3	0.0	0.0	0.0	0.0	0	0:00:00.020578
599	3	198278.0	3	0.0	0.587	0.588	0.589	1	0:00:28.604977
600	8	193607.0	8	0.0	0.622	0.464	0.459	1	0:00:25.476223
601	5	199738.0	5	0.0	0.732	0.737	0.738	1	0:00:28.642724
602	0	194406.0	0	0.0	0.473	0.473	0.473	1	0:00:28.595308
603	2	193916.0	2	0.0	0.673	0.466	0.464	1	0:00:20.131760
604	1	200000.0	1	0.0	0.909	0.989	0.995	1	0:00:28.698363
605	6	199999.0	6	0.0	0.904	0.973	0.977	1	0:00:28.632492
606	4	196066.0	4	0.0	0.509	0.51	0.51	1	0:00:28.574741
607	3	0	5	0.0	0.0	0.0	0.0	0	0:00:00.021064
608	3	195399.0	3	0.0	0.747	0.494	0.494	1	0:00:19.963925
609	9	200000.0	9	0.0	0.909	0.989	0.995	1	0:00:28.662239
610	6	199946.0	6	0.0	0.821	0.836	0.838	1	0:00:28.615807
611	9	198063.0	9	0.0	0.577	0.578	0.578	1	0:00:28.517593
612	8	199957.0	8	0.0	0.831	0.848	0.85	1	0:00:28.552659
613	8	199546.0	8	0.0	0.694	0.697	0.698	1	0:00:28.490190
614	5	176996.0	5	0.0	0.436	0.316	0.297	1	0:00:24.610153
615	8	159089.0	8	0.0	0.36	0.22	0.204	1	0:00:24.085248
616	6	199512.0	6	0.0	0.689	0.692	0.693	1	0:00:28.584554
617	6	162078.0	6	0.0	0.392	0.229	0.217	1	0:00:24.502193
618	2	127892.0	2	0.0	0.231	0.0991	0.087	1	0:00:24.133802
619	1	200000.0	1	0.0	0.909	0.989	0.995	1	0:00:28.643642
620	7	199950.0	7	0.0	0.824	0.84	0.842	1	0:00:28.600816
621	7	199215.0	7	0.0	0.653	0.655	0.655	1	0:00:28.551615
622	1	199989.0	1	0.0	0.875	0.911	0.914	1	0:00:28.610751
623	2	199817.0	2	0.0	0.755	0.762	0.763	1	0:00:28.602821
624	7	199463.0	7	0.0	0.682	0.685	0.685	1	0:00:28.582876
625	9	199866.0	9	0.0	0.774	0.782	0.783	1	0:00:28.620747
626	9	198170.0	9	0.0	0.582	0.583	0.583	1	0:00:28.597532
627	4	197740.0	4	0.0	0.563	0.563	0.564	1	0:00:28.559949
628	4	199795.0	4	0.0	0.748	0.754	0.755	1	0:00:28.619667
629	1	171158.0	1	0.0	0.403	0.283	0.263	1	0:00:24.448382
630	2	0	8	0.0	0.0	0.0	0.0	0	0:00:00.021052
631	5	128258.0	5	0.0	0.22	0.107	0.0883	1	0:00:23.901264
632	6	198630.0	6	0.0	0.607	0.608	0.609	1	0:00:28.626513
633	8	0	3	0.0	0.0	0.0	0.0	0	0:00:00.021284
634	7	0	4	0.0	0.0	0.0	0.0	0	0:00:00.020600
635	6	188241.0	6	0.0	0.531	0.399	0.388	1	0:00:24.870989
636	8	198366.0	8	0.0	0.592	0.593	0.593	1	0:00:28.594725
637	3	117777.0	3	0.0	0.164	0.0707	0.054	1	0:00:23.676488
638	0	0	8	0.0	0.0	0.0	0.0	0	0:00:00.020874
639	5	0	3	0.0	0.0	0.0	0.0	0	0:00:00.020539
640	5	0	3	0.0	0.0	0.0	0.0	0	0:00:00.020543
641	3	142391.0	3	0.0	0.284	0.157	0.137	1	0:00:24.142862
642	0	198370.0	0	0.0	0.592	0.593	0.594	1	0:00:28.698001
643	7	200000.0	7	0.0	0.909	0.989	0.995	1	0:00:28.639889
644	9	199430.0	9	0.0	0.678	0.68	0.681	1	0:00:28.534017
645	1	199536.0	1	0.0	0.693	0.696	0.696	1	0:00:28.507325
646	3	147547.0	3	0.0	0.296	0.182	0.157	1	0:00:23.758187
647	4	0	2	0.0	0.0	0.0	0.0	0	0:00:00.020947
648	4	193582.0	4	0.0	0.618	0.464	0.459	1	0:00:25.441689
649	5	199996.0	5	0.0	0.892	0.945	0.949	1	0:00:28.597276
650	3	198788.0	3	0.0	0.618	0.619	0.619	1	0:00:28.543779
651	9	176045.0	9	0.0	0.449	0.305	0.291	1	0:00:24.773085
652	5	189772.0	5	0.0	0.592	0.41	0.405	1	0:00:25.900396
653	6	199973.0	6	0.0	0.849	0.872	0.874	1	0:00:28.611290
654	9	199905.0	9	0.0	0.793	0.803	0.804	1	0:00:28.614028
655	2	0	4	0.0	0.0	0.0	0.0	0	0:00:00.021026
656	1	200000.0	1	0.0	0.909	0.989	0.995	1	0:00:28.623223
657	1	186500.0	1	0.0	0.538	0.378	0.37	1	0:00:25.619760
658	4	191784.0	4	0.0	0.542	0.448	0.431	1	0:00:24.995202
659	1	192030.0	1	0.0	0.628	0.438	0.434	1	0:00:25.239189
660	9	190145.0	9	0.0	0.552	0.42	0.409	1	0:00:25.074334
661	4	172264.0	4	0.0	0.406	0.291	0.269	1	0:00:24.526501
662	7	200000.0	7	0.0	0.909	0.989	0.995	1	0:00:28.662454
663	6	198113.0	6	0.0	0.579	0.58	0.58	1	0:00:28.590311
664	3	200000.0	3	0.0	0.909	0.989	0.995	1	0:00:28.637650
665	8	182421.0	8	0.0	0.475	0.351	0.335	1	0:00:24.987024
666	9	199925.0	9	0.0	0.805	0.817	0.819	1	0:00:28.666698
667	0	199949.0	0	0.0	0.823	0.839	0.841	1	0:00:28.614003
668	1	178150.0	1	0.0	0.454	0.32	0.305	1	0:00:24.821359
669	3	0	5	0.0	0.0	0.0	0.0	0	0:00:00.020840
670	6	195543.0	6	0.0	0.739	0.498	0.497	1	0:00:19.939799
671	3	0	7	0.0	0.0	0.0	0.0	0	0:00:00.020828
672	6	0	0	0.0	0.0	0.0	0.0	0	0:00:00.020578
673	3	199511.0	3	0.0	0.689	0.692	0.692	1	0:00:28.675245
674	2	182488.0	2	0.0	0.463	0.356	0.336	1	0:00:24.348821
675	0	155574.0	0	0.0	0.325	0.216	0.189	1	0:00:23.864502
676	3	0	4	0.0	0.0	0.0	0.0	0	0:00:00.020959
677	1	0	9	0.0	0.0	0.0	0.0	0	0:00:00.020782
678	0	119380.0	0	0.0	0.191	0.0677	0.0591	1	0:00:24.360652
679	5	117649.0	5	0.0	0.172	0.0646	0.0536	1	0:00:24.260414
680	9	192463.0	9	0.0	0.566	0.453	0.441	1	0:00:25.080241
681	6	199995.0	6	0.0	0.889	0.938	0.942	1	0:00:28.607397
682	4	0	9	0.0	0.0	0.0	0.0	0	0:00:00.020998
683	8	96435.0	-1	0.0	0.0	0.0	0.0	0	0:00:18.097369
684	9	138656.0	9	0.0	0.276	0.139	0.124	1	0:00:24.227826
685	6	0	2	0.0	0.0	0.0	0.0	0	0:00:00.020931
686	9	123988.0	9	0.0	0.212	0.0852	0.0741	1	0:00:24.082277
687	6	120081.0	6	0.0	0.19	0.0713	0.0614	1	0:00:24.460643
688	3	0	6	0.0	0.0	0.0	0.0	0	0:00:00.020940
689	0	0	6	0.0	0.0	0.0	0.0	0	0:00:00.020632
690	3	0	4	0.0	0.0	0.0	0.0	0	0:00:00.020609
691	2	200000.0	2	0.0	0.909	0.989	0.995	1	0:00:28.626428
692	2	0	0	0.0	0.0	0.0	0.0	0	0:00:00.020965
693	7	199996.0	7	0.0	0.892	0.945	0.949	1	0:00:28.580089
694	8	196301.0	8	0.0	0.515	0.516	0.516	1	0:00:28.573552
695	3	0	4	0.0	0.0	0.0	0.0	0	0:00:00.020941
696	8	199833.0	8	0.0	0.761	0.768	0.769	1	0:00:28.578966
697	2	183345.0	2	0.0	0.491	0.356	0.343	1	0:00:25.192320
698	7	199023.0	7	0.0	0.635	0.637	0.638	1	0:00:28.585258
699	5	195126.0	5	0.0	0.666	0.491	0.488	1	0:00:25.371829
700	7	199996.0	7	0.0	0.892	0.945	0.949	1	0:00:28.633698
701	2	199645.0	2	0.0	0.712	0.715	0.716	1	0:00:28.642462
702	4	167928.0	4	0.0	0.402	0.261	0.246	1	0:00:24.499532
703	8	0	6	0.0	0.0	0.0	0.0	0	0:00:00.021016
704	7	191894.0	7	0.0	0.58	0.441	0.432	1	0:00:25.368054
705	4	95069.0	-1	0.0	0.0	0.0	0.0	0	0:00:18.140425
706	2	0	0	0.0	0.0	0.0	0.0	0	0:00:00.020658
707	9	197792.0	9	0.0	0.565	0.566	0.566	1	0:00:28.722915
708	8	143507.0	8	0.0	0.313	0.152	0.142	1	0:00:24.528823
709	8	199996.0	8	0.0	0.892	0.945	0.949	1	0:00:28.506349
710	6	0	2	0.0	0.0	0.0	0.0	0	0:00:00.020957
711	8	188780.0	8	0.0	0.562	0.401	0.394	1	0:00:24.941739
712	8	199771.0	8	0.0	0.741	0.746	0.747	1	0:00:28.467113
713	7	197705.0	7	0.0	0.561	0.562	0.562	1	0:00:28.435780
714	4	167973.0	4	0.0	0.406	0.26	0.246	1	0:00:24.362258
715	3	104281.0	3	0.0	0.0111	0.0149	0.0113	1	0:00:25.032970
716	3	167499.0	3	0.0	0.372	0.272	0.243	1	0:00:24.007745
717	8	127006.0	8	0.0	0.218	0.0987	0.0841	1	0:00:23.924714
718	4	131921.0	4	0.0	0.237	0.12	0.101	1	0:00:23.857164
719	9	0	8	0.0	0.0	0.0	0.0	0	0:00:00.020974
720	4	164828.0	4	0.0	0.383	0.247	0.23	1	0:00:24.372758
721	8	200000.0	8	0.0	0.909	0.989	0.995	1	0:00:28.565912
722	8	199937.0	8	0.0	0.814	0.827	0.829	1	0:00:28.546019
723	1	199989.0	1	0.0	0.875	0.911	0.914	1	0:00:28.536859
724	8	199807.0	8	0.0	0.752	0.758	0.759	1	0:00:28.562047
725	2	0	1	0.0	0.0	0.0	0.0	0	0:00:00.021062
726	1	199999.0	1	0.0	0.904	0.973	0.977	1	0:00:28.531646
727	3	0	2	0.0	0.0	0.0	0.0	0	0:00:00.021005
728	6	131337.0	6	0.0	0.232	0.119	0.0986	1	0:00:23.860974
729	5	198215.0	5	0.0	0.584	0.585	0.585	1	0:00:28.545640
730	4	81462.0	-1	0.0	0.0	0.0	0.0	0	0:00:18.091700
731	2	0	0	0.0	0.0	0.0	0.0	0	0:00:00.020657
732	7	200000.0	7	0.0	0.909	0.989	0.995	1	0:00:28.678455
733	9	184838.0	9	0.0	0.503	0.368	0.355	1	0:00:24.602409
734	9	106064.0	9	0.0	0.083	0.023	0.0168	1	0:00:24.374313
735	4	0	2	0.0	0.0	0.0	0.0	0	0:00:00.020929
736	1	192989.0	1	0.0	0.614	0.454	0.449	1	0:00:25.466260
737	4	199987.0	4	0.0	0.871	0.905	0.907	1	0:00:28.621911
738	1	200000.0	1	0.0	0.909	0.989	0.995	1	0:00:28.615872
739	3	0	5	0.0	0.0	0.0	0.0	0	0:00:00.021123
740	2	0	5	0.0	0.0	0.0	0.0	0	0:00:00.020592
741	7	199295.0	7	0.0	0.661	0.663	0.664	1	0:00:28.562884
742	0	199989.0	0	0.0	0.875	0.911	0.914	1	0:00:28.583525
743	7	199995.0	7	0.0	0.889	0.938	0.942	1	0:00:28.579666
744	9	195456.0	9	0.0	0.764	0.495	0.495	1	0:00:19.997914
745	7	172628.0	7	0.0	0.428	0.285	0.271	1	0:00:24.702853
746	6	160553.0	6	0.0	0.364	0.228	0.21	1	0:00:24.169521
747	6	199940.0	6	0.0	0.816	0.83	0.832	1	0:00:28.638551
748	2	199960.0	2	0.0	0.834	0.852	0.854	1	0:00:28.585484
749	5	0	3	0.0	0.0	0.0	0.0	0	0:00:00.020950
750	9	199960.0	9	0.0	0.834	0.852	0.854	1	0:00:28.536877
751	2	0	0	0.0	0.0	0.0	0.0	0	0:00:00.021037
752	9	197863.0	9	0.0	0.568	0.569	0.569	1	0:00:28.510583
753	1	199407.0	1	0.0	0.675	0.677	0.678	1	0:00:28.504338
754	2	174389.0	2	0.0	0.423	0.3	0.281	1	0:00:24.562571
755	2	0	4	0.0	0.0	0.0	0.0	0	0:00:00.020833
756	6	194103.0	6	0.0	0.619	0.474	0.468	1	0:00:25.531763
757	8	199869.0	8	0.0	0.775	0.783	0.784	1	0:00:28.581874
758	2	143281.0	2	0.0	0.273	0.171	0.141	1	0:00:23.524338
759	1	199985.0	1	0.0	0.867	0.899	0.901	1	0:00:28.606126
760	3	166122.0	3	0.0	0.374	0.26	0.237	1	0:00:24.102030
761	6	147239.0	6	0.0	0.308	0.173	0.156	1	0:00:24.416688
762	6	176982.0	6	0.0	0.47	0.307	0.297	1	0:00:25.084730
763	0	199987.0	0	0.0	0.871	0.905	0.907	1	0:00:28.657092
764	1	199998.0	1	0.0	0.9	0.961	0.966	1	0:00:28.603616
765	2	200000.0	2	0.0	0.909	0.989	0.995	1	0:00:28.609708
766	7	0	0	0.0	0.0	0.0	0.0	0	0:00:00.020953
767	0	0	9	0.0	0.0	0.0	0.0	0	0:00:00.020553
768	5	162766.0	5	0.0	0.371	0.239	0.221	1	0:00:24.119869
769	4	194990.0	4	0.0	0.708	0.486	0.485	1	0:00:19.784280
770	6	155546.0	6	0.0	0.35	0.204	0.189	1	0:00:24.219446
771	1	119407.0	1	0.0	0.19	0.0674	0.0592	1	0:00:24.503231
772	6	199992.0	6	0.0	0.881	0.923	0.926	1	0:00:28.609564
773	4	0	6	0.0	0.0	0.0	0.0	0	0:00:00.020938
774	0	198519.0	0	0.0	0.6	0.602	0.602	1	0:00:28.534018
775	2	0	4	0.0	0.0	0.0	0.0	0	0:00:00.021237
776	2	0	5	0.0	0.0	0.0	0.0	0	0:00:00.020566
777	6	194935.0	6	0.0	0.684	0.486	0.484	1	0:00:19.617543
778	0	197648.0	0	0.0	0.559	0.56	0.56	1	0:00:28.551739
779	5	0	6	0.0	0.0	0.0	0.0	0	0:00:00.021829
780	9	199990.0	9	0.0	0.877	0.915	0.918	1	0:00:28.556317
781	1	199892.0	1	0.0	0.786	0.795	0.797	1	0:00:28.531385
782	7	199991.0	7	0.0	0.879	0.919	0.922	1	0:00:28.529893
783	6	157274.0	6	0.0	0.343	0.217	0.196	1	0:00:23.967842
784	7	199329.0	7	0.0	0.665	0.667	0.668	1	0:00:28.553588
785	0	164623.0	0	0.0	0.385	0.246	0.229	1	0:00:24.414461
786	3	198634.0	3	0.0	0.607	0.609	0.609	1	0:00:28.562920
787	9	194616.0	9	0.0	0.661	0.481	0.478	1	0:00:25.236287
788	6	176108.0	6	0.0	0.419	0.316	0.292	1	0:00:24.654860
789	8	200000.0	8	0.0	0.909	0.989	0.995	1	0:00:28.640977
790	3	0	0	0.0	0.0	0.0	0.0	0	0:00:00.020975
791	0	200000.0	0	0.0	0.909	0.989	0.995	1	0:00:28.610145
792	3	0	0	0.0	0.0	0.0	0.0	0	0:00:00.021148
793	4	86900.0	-1	0.0	0.0	0.0	0.0	0	0:00:18.097197
794	7	177160.0	7	0.0	0.464	0.309	0.298	1	0:00:25.157965
795	7	192744.0	7	0.0	0.586	0.454	0.445	1	0:00:25.449228
796	1	0	3	0.0	0.0	0.0	0.0	0	0:00:00.020953
797	4	0	3	0.0	0.0	0.0	0.0	0	0:00:00.020571
798	7	188307.0	7	0.0	0.532	0.4	0.388	1	0:00:24.921081
799	2	168976.0	2	0.0	0.386	0.275	0.251	1	0:00:24.354657
800	7	200000.0	7	0.0	0.909	0.989	0.995	1	0:00:28.562800
801	1	199198.0	1	0.0	0.651	0.653	0.654	1	0:00:28.507103
802	4	0	2	0.0	0.0	0.0	0.0	0	0:00:00.020896
803	7	199996.0	7	0.0	0.892	0.945	0.949	1	0:00:28.522215
804	4	113145.0	4	0.0	0.139	0.0517	0.0392	1	0:00:24.070121
805	4	161356.0	4	0.0	0.348	0.242	0.214	1	0:00:23.939020
806	8	183982.0	8	0.0	0.467	0.371	0.348	1	0:00:24.396430
807	4	166293.0	4	0.0	0.376	0.261	0.237	1	0:00:24.116329
808	7	199544.0	7	0.0	0.694	0.697	0.698	1	0:00:28.586611
809	7	119506.0	7	0.0	0.179	0.0739	0.0595	1	0:00:23.702840
810	5	129211.0	5	0.0	0.235	0.103	0.0915	1	0:00:24.054536
811	3	0	5	0.0	0.0	0.0	0.0	0	0:00:00.020794
812	7	199176.0	7	0.0	0.649	0.651	0.651	1	0:00:28.609420
813	2	197844.0	2	0.0	0.567	0.568	0.568	1	0:00:28.608946
814	0	163142.0	0	0.0	0.365	0.244	0.222	1	0:00:24.087860
815	8	199991.0	8	0.0	0.879	0.919	0.922	1	0:00:28.646271
816	9	199296.0	9	0.0	0.661	0.663	0.664	1	0:00:28.594721
817	5	0	3	0.0	0.0	0.0	0.0	0	0:00:00.021065
818	8	74421.0	-1	0.0	0.0	0.0	0.0	0	0:00:18.123431
819	3	0	6	0.0	0.0	0.0	0.0	0	0:00:00.020695
820	6	169307.0	6	0.0	0.408	0.269	0.253	1	0:00:24.632159
821	2	0	7	0.0	0.0	0.0	0.0	0	0:00:00.020862
822	0	195459.0	0	0.0	0.495	0.495	0.495	1	0:00:28.619093
823	8	199988.0	8	0.0	0.873	0.908	0.911	1	0:00:28.555104
824	7	198970.0	7	0.0	0.631	0.633	0.633	1	0:00:28.534647
825	3	0	6	0.0	0.0	0.0	0.0	0	0:00:00.021084
826	7	192199.0	7	0.0	0.577	0.446	0.437	1	0:00:25.152791
827	6	199614.0	6	0.0	0.706	0.709	0.71	1	0:00:28.542129
828	5	132447.0	5	0.0	0.257	0.114	0.102	1	0:00:23.970385
829	3	198629.0	3	0.0	0.607	0.608	0.609	1	0:00:28.573494
830	1	195230.0	1	0.0	0.49	0.49	0.49	1	0:00:28.521886
831	3	133069.0	3	0.0	0.23	0.135	0.105	1	0:00:23.921464
832	2	200000.0	2	0.0	0.909	0.989	0.995	1	0:00:28.592191
833	2	124005.0	2	0.0	0.206	0.0871	0.0742	1	0:00:23.925735
834	5	0	2	0.0	0.0	0.0	0.0	0	0:00:00.020828
835	4	145971.0	4	0.0	0.316	0.164	0.151	1	0:00:24.557377
836	1	108954.0	1	0.0	0.116	0.0315	0.0259	1	0:00:24.183694
837	2	163604.0	2	0.0	0.374	0.243	0.224	1	0:00:24.211447
838	9	199414.0	9	0.0	0.675	0.678	0.679	1	0:00:28.629101
839	2	200000.0	2	0.0	0.909	0.989	0.995	1	0:00:28.606795
840	7	200000.0	7	0.0	0.909	0.989	0.995	1	0:00:28.611661
841	0	137297.0	0	0.0	0.257	0.14	0.119	1	0:00:23.999441
842	7	200000.0	7	0.0	0.909	0.989	0.995	1	0:00:28.646634
843	2	0	6	0.0	0.0	0.0	0.0	0	0:00:00.020989
844	1	197214.0	1	0.0	0.543	0.544	0.544	1	0:00:28.619056
845	3	0	2	0.0	0.0	0.0	0.0	0	0:00:00.020941
846	2	59362.0	-1	0.0	0.0	0.0	0.0	0	0:00:18.117773
847	0	199986.0	0	0.0	0.869	0.902	0.904	1	0:00:28.728006
848	2	123679.0	2	0.0	0.201	0.0888	0.0731	1	0:00:23.989178
849	4	197818.0	4	0.0	0.566	0.567	0.567	1	0:00:28.553568
850	7	0	3	0.0	0.0	0.0	0.0	0	0:00:00.021000
851	9	199993.0	9	0.0	0.884	0.928	0.931	1	0:00:28.548553
852	8	186950.0	8	0.0	0.522	0.386	0.375	1	0:00:24.748846
853	9	0	1	0.0	0.0	0.0	0.0	0	0:00:00.020886
854	0	199973.0	0	0.0	0.849	0.872	0.874	1	0:00:28.543062
855	7	200000.0	7	0.0	0.909	0.989	0.995	1	0:00:28.515324
856	7	186539.0	7	0.0	0.511	0.384	0.371	1	0:00:24.534522
857	0	163515.0	0	0.0	0.36	0.249	0.224	1	0:00:23.936916
858	7	199958.0	7	0.0	0.832	0.849	0.851	1	0:00:28.582968
859	8	199965.0	8	0.0	0.839	0.859	0.861	1	0:00:28.564059
860	4	126142.0	4	0.0	0.215	0.0959	0.0812	1	0:00:23.937440
861	6	193645.0	6	0.0	0.677	0.461	0.46	1	0:00:19.801675
862	3	0	6	0.0	0.0	0.0	0.0	0	0:00:00.020827
863	3	111911.0	3	0.0	0.139	0.0414	0.0353	1	0:00:24.290427
864	0	200000.0	0	0.0	0.909	0.989	0.995	1	0:00:28.630769
865	1	199993.0	1	0.0	0.884	0.928	0.931	1	0:00:28.587559
866	3	0	8	0.0	0.0	0.0	0.0	0	0:00:00.020973
867	7	195940.0	7	0.0	0.506	0.507	0.507	1	0:00:28.584104
868	0	200000.0	0	0.0	0.909	0.989	0.995	1	0:00:28.548569
869	1	138372.0	1	0.0	0.271	0.14	0.123	1	0:00:24.043688
870	3	176083.0	3	0.0	0.409	0.322	0.291	1	0:00:23.849474
871	1	200000.0	1	0.0	0.909	0.989	0.995	1	0:00:28.621631
872	4	199986.0	4	0.0	0.869	0.902	0.904	1	0:00:28.588427
873	2	199953.0	2	0.0	0.827	0.843	0.845	1	0:00:28.581222
874	3	199998.0	3	0.0	0.9	0.961	0.966	1	0:00:28.591357
875	8	199944.0	8	0.0	0.819	0.834	0.835	1	0:00:28.600687
876	4	200000.0	4	0.0	0.909	0.989	0.995	1	0:00:28.588946
877	2	194019.0	2	0.0	0.689	0.468	0.466	1	0:00:19.740047
878	3	0	2	0.0	0.0	0.0	0.0	0	0:00:00.020788
879	7	199881.0	7	0.0	0.781	0.789	0.79	1	0:00:28.665526
880	8	199978.0	8	0.0	0.856	0.882	0.884	1	0:00:28.591897
881	4	183005.0	4	0.0	0.489	0.353	0.34	1	0:00:25.201001
882	3	0	0	0.0	0.0	0.0	0.0	0	0:00:00.020972
883	0	176988.0	0	0.0	0.479	0.306	0.297	1	0:00:25.054586
884	9	199843.0	9	0.0	0.765	0.772	0.773	1	0:00:28.619266
885	0	195812.0	0	0.0	0.503	0.503	0.504	1	0:00:28.591272
886	0	189161.0	0	0.0	0.553	0.407	0.398	1	0:00:24.991020
887	1	185968.0	1	0.0	0.525	0.375	0.365	1	0:00:25.607876
888	0	0	8	0.0	0.0	0.0	0.0	0	0:00:00.020911
889	4	0	6	0.0	0.0	0.0	0.0	0	0:00:00.020612
890	4	177289.0	4	0.0	0.463	0.311	0.299	1	0:00:25.014074
891	6	199541.0	6	0.0	0.694	0.696	0.697	1	0:00:28.635433
892	7	190206.0	7	0.0	0.616	0.413	0.41	1	0:00:25.978686
893	6	0	3	0.0	0.0	0.0	0.0	0	0:00:00.020960
894	1	199996.0	1	0.0	0.892	0.945	0.949	1	0:00:28.629467
895	1	199889.0	1	0.0	0.785	0.794	0.795	1	0:00:28.603387
896	3	199112.0	3	0.0	0.643	0.645	0.645	1	0:00:28.615883
897	7	176630.0	7	0.0	0.454	0.308	0.295	1	0:00:24.820418
898	3	0	5	0.0	0.0	0.0	0.0	0	0:00:00.020911
899	5	199951.0	5	0.0	0.825	0.841	0.843	1	0:00:28.687774
900	2	0	6	0.0	0.0	0.0	0.0	0	0:00:00.021169
901	6	199696.0	6	0.0	0.722	0.727	0.727	1	0:00:28.605062
902	6	199597.0	6	0.0	0.703	0.706	0.707	1	0:00:28.555498
903	5	199944.0	5	0.0	0.819	0.834	0.835	1	0:00:28.567691
904	8	182070.0	8	0.0	0.482	0.346	0.333	1	0:00:24.995219
905	7	172481.0	7	0.0	0.421	0.286	0.27	1	0:00:24.618818
906	1	192224.0	1	0.0	0.622	0.441	0.437	1	0:00:25.500407
907	6	198915.0	6	0.0	0.627	0.628	0.629	1	0:00:28.631650
908	8	199886.0	8	0.0	0.783	0.792	0.793	1	0:00:28.646844
909	8	199990.0	8	0.0	0.877	0.915	0.918	1	0:00:28.621157
910	5	189095.0	5	0.0	0.532	0.41	0.397	1	0:00:24.996524
911	3	199652.0	3	0.0	0.713	0.717	0.718	1	0:00:28.695244
912	0	160406.0	0	0.0	0.378	0.222	0.21	1	0:00:24.287066
913	4	199967.0	4	0.0	0.841	0.862	0.864	1	0:00:28.626115
914	0	199065.0	0	0.0	0.639	0.641	0.641	1	0:00:28.564023
915	1	200000.0	1	0.0	0.909	0.989	0.995	1	0:00:28.595835
916	3	0	2	0.0	0.0	0.0	0.0	0	0:00:00.020943
917	8	199992.0	8	0.0	0.881	0.923	0.926	1	0:00:28.569917
918	8	199972.0	8	0.0	0.847	0.87	0.872	1	0:00:28.548242
919	0	125690.0	0	0.0	0.221	0.0902	0.0797	1	0:00:23.950356
920	6	190690.0	6	0.0	0.573	0.424	0.416	1	0:00:25.219890
921	9	200000.0	9	0.0	0.909	0.989	0.995	1	0:00:28.644986
922	9	171931.0	9	0.0	0.43	0.28	0.267	1	0:00:24.665255
923	9	125414.0	9	0.0	0.217	0.0913	0.0788	1	0:00:24.002218
924	5	0	0	0.0	0.0	0.0	0.0	0	0:00:00.020876
925	5	0	3	0.0	0.0	0.0	0.0	0	0:00:00.020602
926	8	199727.0	8	0.0	0.73	0.734	0.735	1	0:00:28.667747
927	6	155037.0	6	0.0	0.348	0.202	0.187	1	0:00:24.129772
928	0	199469.0	0	0.0	0.683	0.685	0.686	1	0:00:28.563595
929	0	0	8	0.0	0.0	0.0	0.0	0	0:00:00.021004
930	4	195385.0	4	0.0	0.493	0.493	0.494	1	0:00:18.676584
931	2	199981.0	2	0.0	0.86	0.888	0.891	1	0:00:28.708464
932	3	0	2	0.0	0.0	0.0	0.0	0	0:00:00.021003
933	2	0	3	0.0	0.0	0.0	0.0	0	0:00:00.020580
934	7	200000.0	7	0.0	0.909	0.989	0.995	1	0:00:28.611022
935	2	200000.0	2	0.0	0.909	0.989	0.995	1	0:00:28.542150
936	2	194046.0	2	0.0	0.631	0.472	0.467	1	0:00:25.495989
937	5	199997.0	5	0.0	0.896	0.952	0.956	1	0:00:28.562354
938	9	161090.0	9	0.0	0.371	0.229	0.213	1	0:00:24.132094
939	8	199940.0	8	0.0	0.816	0.83	0.832	1	0:00:28.585639
940	9	199811.0	9	0.0	0.753	0.759	0.76	1	0:00:28.579584
941	1	112662.0	1	0.0	0.149	0.0427	0.0377	1	0:00:24.167012
942	7	198081.0	7	0.0	0.578	0.579	0.579	1	0:00:28.576756
943	4	180631.0	4	0.0	0.47	0.336	0.322	1	0:00:24.994054
944	0	189673.0	0	0.0	0.574	0.41	0.404	1	0:00:25.204623
945	3	174569.0	3	0.0	0.445	0.295	0.282	1	0:00:24.776115
946	0	200000.0	0	0.0	0.909	0.989	0.995	1	0:00:28.637291
947	1	196481.0	1	0.0	0.52	0.521	0.521	1	0:00:28.591545
948	3	0	4	0.0	0.0	0.0	0.0	0	0:00:00.020962
949	8	200000.0	8	0.0	0.909	0.989	0.995	1	0:00:28.610368
950	3	151789.0	3	0.0	0.316	0.196	0.173	1	0:00:23.855795
951	9	199576.0	9	0.0	0.699	0.702	0.703	1	0:00:28.590978
952	6	196140.0	6	0.0	0.511	0.512	0.512	1	0:00:28.618088
953	1	0	0	0.0	0.0	0.0	0.0	0	0:00:00.020977
954	4	176565.0	4	0.0	0.416	0.322	0.294	1	0:00:23.963616
955	7	199989.0	7	0.0	0.875	0.911	0.914	1	0:00:28.637868
956	0	0	8	0.0	0.0	0.0	0.0	0	0:00:00.020981
957	3	0	5	0.0	0.0	0.0	0.0	0	0:00:00.020620
958	7	200000.0	7	0.0	0.909	0.989	0.995	1	0:00:28.643463
959	8	199999.0	8	0.0	0.904	0.973	0.977	1	0:00:28.611495
960	9	167304.0	9	0.0	0.421	0.253	0.242	1	0:00:24.638141
961	1	192737.0	1	0.0	0.626	0.449	0.445	1	0:00:25.560248
962	1	199750.0	1	0.0	0.735	0.74	0.741	1	0:00:28.664276
963	6	199937.0	6	0.0	0.814	0.827	0.829	1	0:00:28.601593
964	6	0	3	0.0	0.0	0.0	0.0	0	0:00:00.021239
965	6	0	3	0.0	0.0	0.0	0.0	0	0:00:00.020633
966	6	0	3	0.0	0.0	0.0	0.0	0	0:00:00.020626
967	9	174568.0	9	0.0	0.439	0.296	0.282	1	0:00:24.717326
968	1	199875.0	1	0.0	0.778	0.786	0.787	1	0:00:28.640366
969	9	199837.0	9	0.0	0.762	0.769	0.77	1	0:00:28.625397
970	9	193664.0	9	0.0	0.661	0.462	0.46	1	0:00:25.032078
971	4	189319.0	4	0.0	0.569	0.406	0.4	1	0:00:25.133590
972	2	0	6	0.0	0.0	0.0	0.0	0	0:00:00.020931
973	1	198886.0	1	0.0	0.625	0.626	0.627	1	0:00:28.632441
974	7	0	0	0.0	0.0	0.0	0.0	0	0:00:00.020984
975	0	200000.0	0	0.0	0.909	0.989	0.995	1	0:00:28.637700
976	6	196891.0	6	0.0	0.533	0.533	0.534	1	0:00:28.582306
977	8	198908.0	8	0.0	0.626	0.628	0.628	1	0:00:28.567320
978	1	197836.0	1	0.0	0.567	0.568	0.568	1	0:00:28.567354
979	9	0	1	0.0	0.0	0.0	0.0	0	0:00:00.021005
980	2	118393.0	2	0.0	0.169	0.0717	0.056	1	0:00:23.731339
981	9	145690.0	9	0.0	0.313	0.163	0.15	1	0:00:24.552354
982	0	0	2	0.0	0.0	0.0	0.0	0	0:00:00.020921
983	4	194961.0	4	0.0	0.695	0.486	0.485	1	0:00:19.780632
984	7	192205.0	7	0.0	0.633	0.44	0.437	1	0:00:25.594624
985	8	199999.0	8	0.0	0.904	0.973	0.977	1	0:00:28.644581
986	3	161044.0	3	0.0	0.368	0.23	0.213	1	0:00:24.055836
987	1	199694.0	1	0.0	0.722	0.726	0.727	1	0:00:28.602945
988	2	176365.0	2	0.0	0.443	0.309	0.293	1	0:00:24.655803
989	0	160073.0	0	0.0	0.346	0.234	0.208	1	0:00:23.999093
990	1	199553.0	1	0.0	0.695	0.698	0.699	1	0:00:28.511842
991	5	101941.0	5	0.0	0.0262	0.00533	0.00392	1	0:00:24.568363
992	8	199756.0	8	0.0	0.737	0.742	0.743	1	0:00:28.538012
993	4	0	7	0.0	0.0	0.0	0.0	0	0:00:00.020959
994	6	191864.0	6	0.0	0.607	0.437	0.432	1	0:00:25.425566
995	3	0	2	0.0	0.0	0.0	0.0	0	0:00:00.020959
996	8	142227.0	8	0.0	0.292	0.151	0.137	1	0:00:24.271781
997	1	190200.0	1	0.0	0.583	0.416	0.41	1	0:00:25.134461
998	3	199955.0	3	0.0	0.829	0.846	0.848	1	0:00:28.574475
999	8	199991.0	8	0.0	0.879	0.919	0.922	1	0:00:28.562157
