idx	label	count	predict	radius_LInf	radius_L2	radius_cohen	correct	time
1	8	3885472.0	8	0.00873242282149309	0.484	0.474	1	0:05:50.137800
2	8	3965465.0	8	0.010807275351393307	0.599	0.594	1	0:05:51.768093
3	0	3972253.0	0	0.011150077073724647	0.618	0.613	1	0:05:51.464498
4	6	3703191.0	6	0.006729739075241575	0.373	0.361	1	0:05:51.310388
5	6	3943868.0	6	0.010247967278115857	0.568	0.548	1	0:05:51.074484
6	1	3758327.0	1	0.007343173736255553	0.395	0.387	1	0:05:56.788258
7	6	0	2	0.0	0.0	0.0	0	0:00:00.021179
8	3	3382097.0	3	0.005232236814530984	0.275	0.254	1	0:05:54.923122
9	1	3957329.0	1	0.010428389237237615	0.578	0.574	1	0:05:51.692888
10	0	2555330.0	0	0.0022191900971976243	0.108	0.0883	1	0:05:56.173075
11	9	4000000.0	9	0.020928947258123935	1.16	1.16	1	0:05:43.997012
12	5	2195145.0	5	0.0006224557589700653	0.039	0.0302	1	0:05:57.139964
13	7	4000000.0	7	0.020928947258123935	1.16	1.16	1	0:05:44.669662
14	9	3999686.0	9	0.016851410981972206	0.934	0.934	1	0:05:45.023344
15	8	3999878.0	8	0.01777156297349317	0.985	0.986	1	0:05:44.981868
16	5	3789732.0	5	0.0078303130258843	0.413	0.404	1	0:05:58.168019
17	7	3999324.0	7	0.016021469970012116	0.888	0.888	1	0:05:44.397845
18	8	3813543.0	8	0.007758144242235597	0.43	0.419	1	0:05:51.015083
19	6	3999966.0	6	0.018944305707784596	1.05	1.05	1	0:05:44.796478
20	7	1965991.0	-1	0.0	0.0	0.0	0	0:05:44.856609
21	0	3845935.0	0	0.008064861572742586	0.447	0.441	1	0:05:50.463175
22	4	0	0	0.0	0.0	0.0	0	0:00:00.021129
23	9	4000000.0	9	0.020928947258123935	1.16	1.16	1	0:05:43.946055
24	5	0	4	0.0	0.0	0.0	0	0:00:00.020766
25	2	3929951.0	2	0.009652574813014058	0.535	0.526	1	0:05:51.814496
26	4	2451389.0	4	0.0016923579765620905	0.0854	0.0712	1	0:05:56.445106
27	0	2998757.0	0	0.0036264813783473374	0.181	0.168	1	0:05:56.225842
28	9	3526369.0	9	0.005863713671457137	0.308	0.295	1	0:05:55.699589
29	6	3999983.0	6	0.019305149626028115	1.07	1.08	1	0:05:43.513184
30	6	3661647.0	6	0.00649519052838329	0.36	0.343	1	0:05:50.468814
31	5	3277474.0	5	0.004763139720814413	0.245	0.228	1	0:05:55.514720
32	4	0	8	0.0	0.0	0.0	0	0:00:00.021244
33	5	0	3	0.0	0.0	0.0	0	0:00:00.020557
34	9	3999990.0	9	0.01966599354427163	1.09	1.09	1	0:05:44.420106
35	2	0	6	0.0	0.0	0.0	0	0:00:00.020700
36	4	0	7	0.0	0.0	0.0	0	0:00:00.020527
37	1	0	9	0.0	0.0	0.0	0	0:00:00.020490
38	9	3999488.0	9	0.016328187300519104	0.905	0.905	1	0:05:44.098202
39	5	3889975.0	5	0.008786549409229617	0.487	0.479	1	0:05:50.841275
40	4	3664427.0	4	0.006549317116119818	0.354	0.344	1	0:05:56.262309
41	6	3999971.0	6	0.018944305707784596	1.05	1.05	1	0:05:44.276642
42	5	3670639.0	5	0.006603443703856345	0.36	0.347	1	0:05:56.696789
43	6	3868800.0	6	0.008660254037844387	0.48	0.459	1	0:05:51.005408
44	0	3998718.0	0	0.015281739937612908	0.847	0.848	1	0:05:43.907300
45	9	3999921.0	9	0.018222617871297565	1.01	1.01	1	0:05:43.928624
46	3	3911673.0	3	0.009273688698858364	0.514	0.502	1	0:05:50.843577
47	9	1546508.0	-1	0.0	0.0	0.0	0	0:05:43.912832
48	7	3306611.0	7	0.004889435092199644	0.249	0.235	1	0:05:55.660594
49	6	3509026.0	6	0.005791544887808434	0.309	0.29	1	0:05:55.592269
50	9	3999697.0	9	0.016887495373796555	0.936	0.936	1	0:05:44.047973
51	8	2933166.0	8	0.0035182282028742825	0.177	0.155	1	0:05:55.695823
52	0	0	2	0.0	0.0	0.0	0	0:00:00.020940
53	3	0	5	0.0	0.0	0.0	0	0:00:00.020625
54	8	3998982.0	8	0.015552372876295545	0.862	0.863	1	0:05:44.449507
55	8	3898285.0	8	0.009021097956087904	0.5	0.487	1	0:05:51.825858
56	7	3699184.0	7	0.006874076642538982	0.369	0.359	1	0:05:57.018824
57	7	0	3	0.0	0.0	0.0	0	0:00:00.021248
58	4	0	3	0.0	0.0	0.0	0	0:00:00.020768
59	6	0	4	0.0	0.0	0.0	0	0:00:00.020756
60	7	3999879.0	7	0.01777156297349317	0.985	0.986	1	0:05:43.641154
61	3	0	5	0.0	0.0	0.0	0	0:00:00.020720
62	6	3997657.0	6	0.014560052101125877	0.807	0.807	1	0:05:44.303582
63	3	0	9	0.0	0.0	0.0	0	0:00:00.020722
64	6	3847022.0	6	0.008191156944127816	0.454	0.442	1	0:05:50.967281
65	2	2836153.0	2	0.0031032576968942384	0.154	0.137	1	0:05:56.033095
66	1	3183104.0	1	0.004564675565780479	0.219	0.206	1	0:05:56.629771
67	2	3440131.0	2	0.005773502691896258	0.295	0.27	1	0:05:55.574798
68	3	3899104.0	3	0.009129351131560957	0.506	0.488	1	0:05:50.635880
69	7	3645931.0	7	0.006423021744734587	0.348	0.337	1	0:05:56.262590
70	2	0	0	0.0	0.0	0.0	0	0:00:00.020975
71	6	3787784.0	6	0.0075235956953773105	0.417	0.403	1	0:05:50.833970
72	8	3996878.0	8	0.01419920818288236	0.787	0.787	1	0:05:44.591668
73	8	3999999.0	8	0.020568103339880416	1.14	1.15	1	0:05:44.342954
74	0	3817028.0	0	0.0078303130258843	0.434	0.421	1	0:05:50.472172
75	2	3993524.0	2	0.013224929603624865	0.733	0.733	1	0:05:44.146542
76	9	2302818.0	9	0.0012070229065245614	0.0567	0.0472	1	0:05:56.933557
77	3	3684287.0	3	0.006765823467065927	0.366	0.352	1	0:05:56.700785
78	3	3590677.0	3	0.006188473197876302	0.338	0.316	1	0:05:56.362146
79	8	3998600.0	8	0.015173486762139853	0.841	0.842	1	0:05:44.338015
80	8	3994837.0	8	0.013531646934131855	0.75	0.75	1	0:05:44.766899
81	1	3999042.0	1	0.015624541659944247	0.866	0.866	1	0:05:44.753448
82	1	4000000.0	1	0.020928947258123935	1.16	1.16	1	0:05:44.449525
83	7	3810726.0	7	0.00774010204632342	0.425	0.417	1	0:05:57.385012
84	2	3901525.0	2	0.009129351131560957	0.506	0.491	1	0:05:50.830708
85	5	0	7	0.0	0.0	0.0	0	0:00:00.021082
86	2	3859773.0	2	0.008335494511425222	0.462	0.452	1	0:05:51.402039
87	7	0	9	0.0	0.0	0.0	0	0:00:00.020825
88	8	3998161.0	8	0.014848727235720687	0.823	0.824	1	0:05:44.362127
89	9	3993921.0	9	0.013315140583185744	0.738	0.738	1	0:05:43.944072
90	0	3571907.0	0	0.006296726373349356	0.321	0.31	1	0:05:55.761307
91	3	0	2	0.0	0.0	0.0	0	0:00:00.021007
92	8	3999819.0	8	0.017392676859337475	0.964	0.965	1	0:05:43.885972
93	6	3990100.0	6	0.012629537138523064	0.7	0.7	1	0:05:44.939094
94	4	3783524.0	4	0.007433384715816432	0.412	0.401	1	0:05:50.042674
95	6	1848840.0	-1	0.0	0.0	0.0	0	0:05:43.929441
96	6	3995798.0	6	0.013802279872814491	0.765	0.765	1	0:05:44.354242
97	0	1982276.0	-1	0.0	0.0	0.0	0	0:05:44.212686
98	0	4000000.0	0	0.020928947258123935	1.16	1.16	1	0:05:44.356113
99	7	3996065.0	7	0.01389249085237537	0.77	0.77	1	0:05:44.743559
100	4	0	5	0.0	0.0	0.0	0	0:00:00.020797
101	5	2651644.0	5	0.0025439496236167886	0.127	0.105	1	0:05:56.223046
102	6	3987535.0	6	0.012286735416191725	0.681	0.682	1	0:05:44.745217
103	3	3996592.0	3	0.01407291281149713	0.78	0.781	1	0:05:44.999944
104	1	3999977.0	1	0.019124727666906354	1.06	1.06	1	0:05:44.997613
105	1	4000000.0	1	0.020928947258123935	1.16	1.16	1	0:05:44.745312
106	3	0	2	0.0	0.0	0.0	0	0:00:00.020864
107	6	3996475.0	6	0.014036828419672777	0.778	0.778	1	0:05:44.847906
108	8	3998808.0	8	0.015371950917173787	0.852	0.852	1	0:05:44.750523
109	7	4000000.0	7	0.020928947258123935	1.16	1.16	1	0:05:45.056967
110	4	3304399.0	4	0.004871392896287468	0.258	0.234	1	0:05:55.701900
111	0	3999905.0	0	0.018006111520351455	0.998	0.999	1	0:05:44.434471
112	6	3396922.0	6	0.005304405598179687	0.271	0.258	1	0:05:55.921235
113	2	3294415.0	2	0.004979646071760523	0.257	0.232	1	0:05:55.000669
114	1	3925974.0	1	0.009490195049804475	0.526	0.52	1	0:05:51.273272
115	3	3982895.0	3	0.01187176491021168	0.658	0.655	1	0:05:44.300373
116	0	3976402.0	0	0.011330499032846407	0.628	0.628	1	0:05:52.202810
117	4	3962944.0	4	0.010717064371832428	0.594	0.587	1	0:05:52.142485
118	2	0	3	0.0	0.0	0.0	0	0:00:00.020874
119	7	0	5	0.0	0.0	0.0	0	0:00:00.020585
120	8	2977234.0	8	0.003734734553820392	0.187	0.164	1	0:05:55.755404
121	3	0	4	0.0	0.0	0.0	0	0:00:00.021253
122	1	3999427.0	1	0.016201891929133874	0.898	0.899	1	0:05:44.319165
123	2	3999609.0	2	0.016616862435113917	0.921	0.921	1	0:05:44.535367
124	8	3060161.0	8	0.003987325296590853	0.208	0.18	1	0:05:55.787436
125	0	0	2	0.0	0.0	0.0	0	0:00:00.020956
126	8	2864998.0	8	0.003247595264191645	0.165	0.142	1	0:05:55.652068
127	3	3982793.0	3	0.011817638322475154	0.655	0.655	1	0:05:44.317581
128	5	0	3	0.0	0.0	0.0	0	0:00:00.020865
129	2	0	0	0.0	0.0	0.0	0	0:00:00.020691
130	4	2709365.0	4	0.0029769623255090083	0.126	0.115	1	0:05:56.151485
131	1	3999890.0	1	0.017861773953054046	0.99	0.991	1	0:05:44.162984
132	8	3887271.0	8	0.00882263380105397	0.489	0.476	1	0:05:51.788831
133	9	4000000.0	9	0.020928947258123935	1.16	1.16	1	0:05:44.449819
134	1	3908698.0	1	0.009147393327473134	0.507	0.499	1	0:05:51.498156
135	2	3650020.0	2	0.00649519052838329	0.352	0.338	1	0:05:56.481011
136	9	3997658.0	9	0.014560052101125877	0.807	0.807	1	0:05:44.571864
137	7	3991615.0	7	0.01286408568538135	0.713	0.713	1	0:05:44.811148
138	2	3892711.0	2	0.008894802584702672	0.493	0.481	1	0:05:51.624694
139	9	0	8	0.0	0.0	0.0	0	0:00:00.021121
140	6	3186118.0	6	0.004420337998483072	0.228	0.207	1	0:05:56.039041
141	5	3998644.0	5	0.01522761334987638	0.844	0.844	1	0:05:44.852709
142	6	3973350.0	6	0.011132034877812473	0.617	0.617	1	0:05:52.078253
143	3	0	7	0.0	0.0	0.0	0	0:00:00.020937
144	8	3968318.0	8	0.01087944413504201	0.603	0.602	1	0:05:51.777954
145	7	2207830.0	7	0.0006441063940646764	0.0435	0.0322	1	0:05:57.072360
146	6	3988355.0	6	0.01239498859166478	0.687	0.687	1	0:05:44.414666
147	2	2214797.0	2	0.0007000372013924213	0.039	0.0333	1	0:05:58.097508
148	5	3681865.0	5	0.006946245426187685	0.36	0.351	1	0:05:57.107217
149	2	3950282.0	2	0.010211882886291506	0.566	0.56	1	0:05:52.112016
150	8	3981061.0	8	0.011673300755177748	0.647	0.647	1	0:05:52.796383
151	9	3806184.0	9	0.007667933262674717	0.425	0.414	1	0:05:50.890461
152	6	3749412.0	6	0.007216878364870323	0.4	0.382	1	0:05:50.872663
153	0	3999106.0	0	0.01569671044359295	0.87	0.871	1	0:05:44.458603
154	0	3985621.0	0	0.012088271261157791	0.67	0.67	1	0:05:53.341404
155	5	3613265.0	5	0.006386937352910235	0.337	0.325	1	0:05:56.827163
156	2	3980652.0	2	0.011637216363353395	0.645	0.645	1	0:05:51.544105
157	9	4000000.0	9	0.020928947258123935	1.16	1.16	1	0:05:44.321047
158	5	1278870.0	-1	0.0	0.0	0.0	0	0:05:44.331377
159	4	3998705.0	4	0.015281739937612908	0.847	0.847	1	0:05:44.223865
160	2	3947301.0	2	0.010103629710818452	0.56	0.554	1	0:05:51.763855
161	1	3895727.0	1	0.008894802584702672	0.493	0.484	1	0:05:51.375643
162	6	2601168.0	6	0.0022913588808463276	0.111	0.096	1	0:05:55.611374
163	6	3205607.0	6	0.004420337998483072	0.228	0.211	1	0:05:55.743764
164	8	0	0	0.0	0.0	0.0	0	0:00:00.020922
165	4	0	2	0.0	0.0	0.0	0	0:00:00.020561
166	8	3999213.0	8	0.015841048010890358	0.878	0.879	1	0:05:43.965441
167	4	1760206.0	-1	0.0	0.0	0.0	0	0:05:44.467156
168	5	0	7	0.0	0.0	0.0	0	0:00:00.020647
169	0	3894690.0	0	0.00907522454382443	0.503	0.483	1	0:05:51.732529
170	9	3993144.0	9	0.013152760819976163	0.729	0.729	1	0:05:44.912632
171	9	0	0	0.0	0.0	0.0	0	0:00:00.020705
172	9	0	0	0.0	0.0	0.0	0	0:00:00.020472
173	8	3599891.0	8	0.0062606419815250045	0.333	0.32	1	0:05:56.313213
174	9	3999954.0	9	0.01858346178954108	1.03	1.03	1	0:05:43.496756
175	9	3999992.0	9	0.01984641550339339	1.1	1.1	1	0:05:44.292974
176	3	3351691.0	3	0.005142025834970104	0.264	0.246	1	0:05:55.244461
177	7	3915676.0	7	0.009345857482507068	0.518	0.507	1	0:05:51.162260
178	5	2535649.0	5	0.0021109369217245694	0.106	0.0851	1	0:05:56.101815
179	0	3998110.0	0	0.014812642843896336	0.821	0.822	1	0:05:44.086932
180	0	3951429.0	0	0.010284051669940208	0.57	0.562	1	0:05:51.820598
181	5	3934330.0	5	0.009706701400750584	0.538	0.532	1	0:05:51.540587
182	2	3552392.0	2	0.005953924651018017	0.316	0.303	1	0:05:55.775534
183	2	3484386.0	2	0.005755460495984082	0.31	0.282	1	0:05:55.152294
184	3	2107843.0	3	0.00029589201295968326	0.0209	0.0164	1	0:05:57.672384
185	8	3999884.0	8	0.017825689561229697	0.988	0.989	1	0:05:43.992981
186	6	3017538.0	6	0.0038429877292934468	0.189	0.172	1	0:05:55.645487
187	3	3112399.0	3	0.0040234096884152045	0.206	0.191	1	0:05:55.809086
188	4	0	5	0.0	0.0	0.0	0	0:00:00.021278
189	0	0	8	0.0	0.0	0.0	0	0:00:00.020706
190	5	1652105.0	-1	0.0	0.0	0.0	0	0:05:44.469246
191	8	3693211.0	8	0.006801907858890279	0.369	0.356	1	0:05:56.973619
192	0	3785871.0	0	0.00761380667493819	0.422	0.402	1	0:05:50.483332
193	1	3981357.0	1	0.011691342951089922	0.648	0.648	1	0:05:51.909948
194	7	3994272.0	7	0.013387309366834448	0.742	0.742	1	0:05:44.700756
195	2	3522158.0	2	0.0059178402591936645	0.314	0.294	1	0:05:56.371526
196	8	3999206.0	8	0.015841048010890358	0.878	0.878	1	0:05:43.603580
197	8	3980171.0	8	0.01161917416744122	0.644	0.643	1	0:05:51.071411
198	7	4000000.0	7	0.020928947258123935	1.16	1.16	1	0:05:44.162398
199	8	2528380.0	8	0.002056810333988042	0.0976	0.0839	1	0:05:56.254951
200	5	3591828.0	5	0.0061704310019641264	0.331	0.317	1	0:06:28.192696
201	1	3490270.0	1	0.00593588245510584	0.307	0.284	1	0:06:30.154533
202	8	3933022.0	8	0.009742785792574937	0.54	0.53	1	0:06:24.299326
203	7	3839374.0	7	0.008010734985006058	0.444	0.436	1	0:06:23.400863
204	1	3999864.0	1	0.017663309798020114	0.979	0.98	1	0:06:19.622249
205	3	3948929.0	3	0.010302093865852385	0.571	0.557	1	0:06:28.043465
206	0	3863192.0	0	0.008335494511425222	0.462	0.455	1	0:06:26.197075
207	5	3951511.0	5	0.01022992508220368	0.567	0.562	1	0:06:26.363169
208	7	3999842.0	7	0.017537014426634884	0.972	0.972	1	0:06:18.599031
209	9	3991984.0	9	0.012918212273117877	0.716	0.717	1	0:06:18.898546
210	7	0	6	0.0	0.0	0.0	0	0:00:00.020797
211	4	0	9	0.0	0.0	0.0	0	0:00:00.020614
212	5	3412924.0	5	0.005430700969564917	0.273	0.262	1	0:06:30.558300
213	9	2748188.0	9	0.00279654036638725	0.133	0.121	1	0:06:30.778382
214	8	2531339.0	8	0.0020748525299002177	0.101	0.0843	1	0:06:30.407244
215	0	3989048.0	0	0.012485199571225658	0.692	0.692	1	0:06:18.635256
216	7	4000000.0	7	0.020928947258123935	1.16	1.16	1	0:06:20.231474
217	9	3959438.0	9	0.010482515824974142	0.581	0.579	1	0:06:26.584676
218	8	0	3	0.0	0.0	0.0	0	0:00:00.021322
219	2	3733121.0	2	0.007126667385309444	0.386	0.374	1	0:06:29.459800
220	7	2825681.0	7	0.00301304671733336	0.147	0.135	1	0:06:27.281754
221	6	3808910.0	6	0.00774010204632342	0.429	0.416	1	0:06:23.859501
222	9	3999997.0	9	0.020207259421636904	1.12	1.13	1	0:06:19.456151
223	4	3643470.0	4	0.006585401507944169	0.352	0.336	1	0:06:31.457115
224	3	0	5	0.0	0.0	0.0	0	0:00:00.021231
225	9	2231451.0	9	0.0007541637891289487	0.0428	0.0359	1	0:06:29.519718
226	6	0	4	0.0	0.0	0.0	0	0:00:00.021524
227	4	3817014.0	4	0.007884439613620828	0.437	0.421	1	0:06:22.435585
228	7	3235446.0	7	0.004709013133077885	0.231	0.218	1	0:06:29.440398
229	6	3652953.0	6	0.006531274920207642	0.355	0.34	1	0:06:29.035559
230	5	3999986.0	5	0.019485571585149873	1.08	1.08	1	0:06:17.322324
231	1	4000000.0	1	0.020928947258123935	1.16	1.16	1	0:06:19.365652
232	5	2201828.0	5	0.0006982329818012036	0.0363	0.0312	1	0:06:31.502856
233	8	0	1	0.0	0.0	0.0	0	0:00:00.021543
234	8	3979646.0	8	0.011547005383792516	0.64	0.641	1	0:06:22.716677
235	0	4000000.0	0	0.020928947258123935	1.16	1.16	1	0:06:16.234127
236	4	3806509.0	4	0.007812270829972124	0.426	0.414	1	0:06:31.683973
237	0	0	7	0.0	0.0	0.0	0	0:00:00.021380
238	5	0	3	0.0	0.0	0.0	0	0:00:00.020613
239	5	3966808.0	5	0.01087944413504201	0.603	0.597	1	0:06:25.500810
240	1	4000000.0	1	0.020928947258123935	1.16	1.16	1	0:06:18.367347
241	1	3998622.0	1	0.015191528958052028	0.842	0.843	1	0:06:18.950090
242	8	1853342.0	-1	0.0	0.0	0.0	0	0:06:17.864413
243	9	3549914.0	9	0.005953924651018017	0.313	0.303	1	0:06:29.838913
244	0	3928019.0	0	0.009616490421189705	0.533	0.523	1	0:06:25.366393
245	3	0	2	0.0	0.0	0.0	0	0:00:00.021444
246	1	3448068.0	1	0.005791544887808434	0.282	0.272	1	0:06:28.907638
247	9	0	8	0.0	0.0	0.0	0	0:00:00.021285
248	2	3953179.0	2	0.010320136061764561	0.572	0.565	1	0:06:24.350997
249	2	3815694.0	2	0.007884439613620828	0.427	0.42	1	0:06:30.919704
250	5	0	7	0.0	0.0	0.0	0	0:00:00.021341
251	3	3499629.0	3	0.006206515393788477	0.296	0.287	1	0:06:28.556593
252	9	4000000.0	9	0.020928947258123935	1.16	1.16	1	0:06:17.353034
253	9	3955417.0	9	0.010428389237237615	0.578	0.57	1	0:06:27.238272
254	4	0	6	0.0	0.0	0.0	0	0:00:00.021494
255	0	1878395.0	-1	0.0	0.0	0.0	0	0:06:18.245198
256	3	3140272.0	3	0.004294042627097842	0.212	0.197	1	0:06:30.806836
257	0	4000000.0	0	0.020928947258123935	1.16	1.16	1	0:06:15.743499
258	0	0	8	0.0	0.0	0.0	0	0:00:00.020907
259	9	3496596.0	9	0.005773502691896258	0.299	0.286	1	0:06:29.474013
260	8	3955367.0	8	0.010338178257676736	0.573	0.57	1	0:06:24.527662
261	1	3997943.0	1	0.014722431864335457	0.816	0.816	1	0:06:17.904170
262	5	0	3	0.0	0.0	0.0	0	0:00:00.020803
263	7	3490726.0	7	0.00571937610415973	0.302	0.284	1	0:06:29.672355
264	0	0	8	0.0	0.0	0.0	0	0:00:00.021295
265	8	3999907.0	8	0.01802415371626363	0.999	1.0	1	0:06:15.569770
266	2	0	8	0.0	0.0	0.0	0	0:00:00.020768
267	4	3999033.0	4	0.015606499464032073	0.865	0.866	1	0:06:17.452480
268	7	3999872.0	7	0.017735478581668816	0.983	0.984	1	0:06:18.937046
269	0	1421265.0	-1	0.0	0.0	0.0	0	0:06:19.349660
270	2	1951086.0	-1	0.0	0.0	0.0	0	0:06:18.684077
271	3	0	5	0.0	0.0	0.0	0	0:00:00.020750
272	6	4000000.0	6	0.020928947258123935	1.16	1.16	1	0:06:17.183739
273	3	3958019.0	3	0.010518600216798494	0.583	0.576	1	0:06:24.967754
274	8	3562186.0	8	0.0060441356305788955	0.324	0.307	1	0:06:28.973591
275	5	2515514.0	5	0.001948557158514987	0.0957	0.0817	1	0:06:29.286883
276	0	3999915.0	0	0.018042195912175808	1.0	1.0	1	0:06:16.470642
277	3	0	2	0.0	0.0	0.0	0	0:00:00.020783
278	4	3531978.0	4	0.005881755867369313	0.321	0.297	1	0:06:28.541665
279	3	1737178.0	-1	0.0	0.0	0.0	0	0:06:16.450752
280	9	3482787.0	9	0.005629165124598851	0.293	0.282	1	0:06:30.837982
281	0	1776704.0	-1	0.0	0.0	0.0	0	0:06:16.577666
282	6	3991741.0	6	0.012882127881293524	0.714	0.714	1	0:06:17.282175
283	1	3999992.0	1	0.01984641550339339	1.1	1.1	1	0:06:17.176363
284	0	0	9	0.0	0.0	0.0	0	0:00:00.020815
285	9	4000000.0	9	0.020928947258123935	1.16	1.16	1	0:06:18.473715
286	1	3992705.0	1	0.013062549840415284	0.724	0.724	1	0:06:18.977647
287	0	0	8	0.0	0.0	0.0	0	0:00:00.020799
288	7	3999936.0	7	0.018403039830419323	1.02	1.02	1	0:06:18.524394
289	9	4000000.0	9	0.020928947258123935	1.16	1.16	1	0:06:18.672245
290	1	3999985.0	1	0.019485571585149873	1.08	1.08	1	0:06:18.898677
291	2	3985683.0	2	0.012088271261157791	0.67	0.67	1	0:06:17.856268
292	6	3893347.0	6	0.008912844780614848	0.494	0.482	1	0:06:24.219502
293	9	0	1	0.0	0.0	0.0	0	0:00:00.021124
294	3	3999862.0	3	0.017663309798020114	0.979	0.98	1	0:06:16.773973
295	4	2384112.0	4	0.0016508609259640863	0.0715	0.0603	1	0:06:30.243464
296	6	3992712.0	6	0.013062549840415284	0.724	0.724	1	0:06:17.110720
297	0	3999907.0	0	0.01802415371626363	0.999	1.0	1	0:06:17.959807
298	0	3996952.0	0	0.014217250378794536	0.788	0.788	1	0:06:17.232132
299	6	3997512.0	6	0.014469841121564997	0.802	0.803	1	0:06:17.642647
300	6	3999956.0	6	0.01858346178954108	1.03	1.04	1	0:06:18.954360
301	6	3896001.0	6	0.008966971368351376	0.497	0.485	1	0:06:26.796442
302	3	0	5	0.0	0.0	0.0	0	0:00:00.021246
303	2	3102242.0	2	0.004185789451624788	0.216	0.189	1	0:06:29.404186
304	6	3958201.0	6	0.010464473629061968	0.58	0.576	1	0:06:23.815332
305	1	3988448.0	1	0.012413030787576954	0.688	0.688	1	0:06:14.859883
306	8	0	9	0.0	0.0	0.0	0	0:00:00.020809
307	2	3684086.0	2	0.006747781271153752	0.374	0.352	1	0:06:23.466375
308	1	3984155.0	1	0.011943933693860384	0.662	0.662	1	0:06:19.864938
309	6	0	2	0.0	0.0	0.0	0	0:00:00.021096
310	8	3903967.0	8	0.009057182347912255	0.502	0.493	1	0:06:25.892878
311	6	4000000.0	6	0.020928947258123935	1.16	1.16	1	0:06:16.630271
312	8	2397449.0	8	0.001742876125116183	0.0826	0.0624	1	0:06:28.806409
313	0	1629767.0	-1	0.0	0.0	0.0	0	0:06:14.832018
314	4	0	3	0.0	0.0	0.0	0	0:00:00.020733
315	0	3999982.0	0	0.019305149626028115	1.07	1.07	1	0:06:18.712500
316	7	0	2	0.0	0.0	0.0	0	0:00:00.020816
317	7	3920852.0	7	0.00941802626615577	0.522	0.513	1	0:06:26.217456
318	5	3961917.0	5	0.010608811196359374	0.588	0.585	1	0:06:25.477481
319	5	3308545.0	5	0.0049435616799361716	0.25	0.235	1	0:06:28.820659
320	3	3277117.0	3	0.004763139720814413	0.249	0.228	1	0:06:27.411046
321	5	2867904.0	5	0.0031934686764551177	0.159	0.143	1	0:06:27.569428
322	2	3975623.0	2	0.01127637244510988	0.625	0.625	1	0:06:22.151178
323	3	2305573.0	3	0.001143875220831946	0.0616	0.0477	1	0:06:29.585040
324	4	2643613.0	4	0.0024898230358802614	0.121	0.103	1	0:06:29.424813
325	1	3723545.0	1	0.006874076642538982	0.381	0.37	1	0:06:23.180146
326	7	2234739.0	7	0.0008155072552303463	0.0462	0.0364	1	0:06:30.150946
327	5	3101330.0	5	0.004167747255712611	0.208	0.189	1	0:06:28.207565
328	4	3627855.0	4	0.006567359312031993	0.343	0.33	1	0:06:28.873860
329	6	3777816.0	6	0.007361215932167728	0.408	0.398	1	0:06:22.995295
330	1	3999985.0	1	0.019485571585149873	1.08	1.08	1	0:06:17.517437
331	9	4000000.0	9	0.020928947258123935	1.16	1.16	1	0:06:17.280449
332	3	0	6	0.0	0.0	0.0	0	0:00:00.020789
333	6	3999996.0	6	0.020207259421636904	1.12	1.12	1	0:06:16.515306
334	6	3999552.0	6	0.016472524867816512	0.913	0.913	1	0:06:19.177226
335	9	3992827.0	9	0.013080592036327459	0.725	0.725	1	0:06:19.532403
336	3	3996998.0	3	0.014235292574706711	0.789	0.79	1	0:06:18.384257
337	8	3970622.0	8	0.011059866094163769	0.613	0.608	1	0:06:25.651419
338	0	3991015.0	0	0.01277387470582047	0.708	0.708	1	0:06:17.200579
339	7	2064622.0	7	0.00017284423683864422	0.0111	0.00964	1	0:06:32.229348
340	2	0	4	0.0	0.0	0.0	0	0:00:00.021556
341	6	3997370.0	6	0.01441571453382847	0.799	0.799	1	0:06:16.539458
342	2	3035965.0	2	0.0041497050598004355	0.192	0.175	1	0:06:29.348295
343	5	0	7	0.0	0.0	0.0	0	0:00:00.021345
344	8	3996984.0	8	0.014235292574706711	0.789	0.789	1	0:06:16.449788
345	5	3999957.0	5	0.01876388374866284	1.04	1.04	1	0:06:18.998357
346	4	3898592.0	4	0.009003055760175727	0.499	0.487	1	0:06:25.595255
347	6	3605123.0	6	0.006404979548822411	0.342	0.322	1	0:06:29.797313
348	8	4000000.0	8	0.020928947258123935	1.16	1.16	1	0:06:16.504617
349	9	3425285.0	9	0.0055389541450379725	0.275	0.265	1	0:06:29.487515
350	9	3997288.0	9	0.014361587946091943	0.796	0.797	1	0:06:16.919182
351	1	0	9	0.0	0.0	0.0	0	0:00:00.020786
352	0	2000009.0	-1	0.0	0.0	0.0	0	0:06:18.877105
353	2	4000000.0	2	0.020928947258123935	1.16	1.16	1	0:06:18.821805
354	2	1910022.0	-1	0.0	0.0	0.0	0	0:06:18.063848
355	7	3961727.0	7	0.0106629377840959	0.591	0.584	1	0:06:25.660128
356	3	0	4	0.0	0.0	0.0	0	0:00:00.021295
357	2	1983137.0	-1	0.0	0.0	0.0	0	0:06:17.509004
358	8	2848620.0	8	0.0031934686764551177	0.162	0.139	1	0:06:30.036979
359	0	3858611.0	0	0.008407663295073926	0.466	0.451	1	0:06:23.131575
360	9	3974467.0	9	0.011204203661461175	0.621	0.621	1	0:06:25.632727
361	5	2898996.0	5	0.003428017223313403	0.163	0.149	1	0:06:29.323629
362	8	4000000.0	8	0.020928947258123935	1.16	1.16	1	0:06:17.418126
363	1	2248489.0	1	0.0009905165555784516	0.0453	0.0386	1	0:06:31.017208
364	9	4000000.0	9	0.020928947258123935	1.16	1.16	1	0:06:16.475976
365	4	3140686.0	4	0.004366211410746545	0.211	0.197	1	0:06:30.344845
366	1	0	0	0.0	0.0	0.0	0	0:00:00.021540
367	3	0	1	0.0	0.0	0.0	0	0:00:00.020616
368	8	0	2	0.0	0.0	0.0	0	0:00:00.020596
369	1	3997033.0	1	0.014253334770618888	0.79	0.79	1	0:06:17.168134
370	4	1985697.0	-1	0.0	0.0	0.0	0	0:06:18.564590
371	7	3999918.0	7	0.018222617871297565	1.01	1.01	1	0:06:18.751279
372	9	3999908.0	9	0.01802415371626363	0.999	1.0	1	0:06:18.134492
373	4	3945167.0	4	0.010175798494467155	0.564	0.55	1	0:06:25.289033
374	2	3974143.0	2	0.011186161465549	0.62	0.62	1	0:06:19.175783
375	7	3944882.0	7	0.010103629710818452	0.56	0.55	1	0:06:26.530724
376	0	2105405.0	0	0.0002886751345948129	0.0195	0.016	1	0:06:31.368772
377	7	1939405.0	-1	0.0	0.0	0.0	0	0:06:17.506643
378	0	0	2	0.0	0.0	0.0	0	0:00:00.020785
379	6	3998402.0	6	0.015029149194842446	0.833	0.833	1	0:06:18.878481
380	6	3855626.0	6	0.008353536707337399	0.463	0.449	1	0:06:25.358665
381	9	3972054.0	9	0.011150077073724647	0.618	0.613	1	0:06:24.982427
382	0	3999982.0	0	0.019305149626028115	1.07	1.07	1	0:06:17.024407
383	9	3670310.0	9	0.0067116968793294	0.359	0.347	1	0:06:31.177918
384	2	2214747.0	2	0.0006657570291592873	0.0408	0.0333	1	0:06:30.591702
385	8	0	0	0.0	0.0	0.0	0	0:00:00.021346
386	7	3992400.0	7	0.013008423252678756	0.721	0.721	1	0:06:17.598925
387	2	0	5	0.0	0.0	0.0	0	0:00:00.020813
388	2	0	5	0.0	0.0	0.0	0	0:00:00.020605
389	5	3999946.0	5	0.018403039830419323	1.02	1.03	1	0:06:18.670855
390	1	3999913.0	1	0.018042195912175808	1.0	1.0	1	0:06:18.805585
391	2	3995516.0	2	0.013712068893253613	0.76	0.761	1	0:06:19.117157
392	6	3999874.0	6	0.017735478581668816	0.983	0.984	1	0:06:19.726183
393	2	2281159.0	2	0.0011420710012407284	0.0525	0.0438	1	0:06:32.511729
394	9	2361776.0	9	0.0014145081595145833	0.0668	0.0567	1	0:06:29.152609
395	6	3774614.0	6	0.007433384715816432	0.412	0.396	1	0:06:21.211728
396	2	3717229.0	2	0.006892118838451158	0.38	0.367	1	0:06:30.747744
397	3	3324857.0	3	0.004979646071760523	0.258	0.239	1	0:06:27.093413
398	0	3993886.0	0	0.01329709838727357	0.737	0.737	1	0:06:16.156002
399	3	3051002.0	3	0.004005367492503029	0.192	0.178	1	0:06:29.486656
