idx	label	count	predict	radiusR	radius_L1	radius_L2	radius_cohen	correct	time
1	8	199817.0	8	0.0	0.363	0.366	0.366	1	0:00:28.578206
2	8	199774.0	8	0.0	0.356	0.359	0.359	1	0:00:28.635235
3	0	199519.0	0	0.0	0.331	0.333	0.333	1	0:00:28.598350
4	6	101684.0	6	0.0	0.00141	0.00177	0.00149	1	0:00:25.565165
5	6	199786.0	6	0.0	0.358	0.36	0.361	1	0:00:28.710025
6	1	199953.0	1	0.0	0.397	0.405	0.406	1	0:00:28.715230
7	6	0	2	0.0	0.0	0.0	0.0	0	0:00:00.021218
8	3	199606.0	3	0.0	0.338	0.34	0.34	1	0:00:28.683728
9	1	192116.0	1	0.0	0.306	0.211	0.209	1	0:00:25.537805
10	0	194149.0	0	0.0	0.322	0.226	0.225	1	0:00:25.203783
11	9	200000.0	9	0.0	0.436	0.475	0.478	1	0:00:28.806559
12	5	197295.0	5	0.0	0.262	0.262	0.263	1	0:00:28.756020
13	7	200000.0	7	0.0	0.436	0.475	0.478	1	0:00:28.770913
14	9	200000.0	9	0.0	0.436	0.475	0.478	1	0:00:28.787388
15	8	200000.0	8	0.0	0.436	0.475	0.478	1	0:00:28.778771
16	5	183581.0	5	0.0	0.252	0.169	0.165	1	0:00:25.776305
17	7	200000.0	7	0.0	0.436	0.475	0.478	1	0:00:28.786707
18	8	199853.0	8	0.0	0.369	0.372	0.373	1	0:00:28.765651
19	6	200000.0	6	0.0	0.436	0.475	0.478	1	0:00:28.774934
20	7	147438.0	7	0.0	0.163	0.0796	0.075	1	0:00:24.866796
21	0	0	2	0.0	0.0	0.0	0.0	0	0:00:00.021166
22	4	0	0	0.0	0.0	0.0	0.0	0	0:00:00.020650
23	9	200000.0	9	0.0	0.436	0.475	0.478	1	0:00:28.823906
24	5	0	4	0.0	0.0	0.0	0.0	0	0:00:00.021193
25	2	199991.0	2	0.0	0.422	0.441	0.442	1	0:00:28.797036
26	4	145923.0	4	0.0	0.143	0.0822	0.0723	1	0:00:24.521221
27	0	198883.0	0	0.0	0.3	0.3	0.301	1	0:00:28.920820
28	9	199997.0	9	0.0	0.43	0.457	0.459	1	0:00:28.774030
29	6	200000.0	6	0.0	0.436	0.475	0.478	1	0:00:28.752487
30	6	172746.0	6	0.0	0.208	0.137	0.13	1	0:00:24.895145
31	5	200000.0	5	0.0	0.436	0.475	0.478	1	0:00:28.959964
32	4	0	2	0.0	0.0	0.0	0.0	0	0:00:00.021133
33	5	66654.0	-1	0.0	0.0	0.0	0.0	0	0:00:18.356917
34	9	200000.0	9	0.0	0.436	0.475	0.478	1	0:00:29.458993
35	2	0	8	0.0	0.0	0.0	0.0	0	0:00:00.021260
36	4	198484.0	4	0.0	0.287	0.288	0.288	1	0:00:28.741785
37	1	0	9	0.0	0.0	0.0	0.0	0	0:00:00.021375
38	9	200000.0	9	0.0	0.436	0.475	0.478	1	0:00:28.701945
39	5	200000.0	5	0.0	0.436	0.475	0.478	1	0:00:28.689977
40	4	199938.0	4	0.0	0.391	0.398	0.398	1	0:00:28.681086
41	6	200000.0	6	0.0	0.436	0.475	0.478	1	0:00:28.673018
42	5	0	7	0.0	0.0	0.0	0.0	0	0:00:00.021093
43	6	200000.0	6	0.0	0.436	0.475	0.478	1	0:00:28.674198
44	0	200000.0	0	0.0	0.436	0.475	0.478	1	0:00:28.684344
45	9	200000.0	9	0.0	0.436	0.475	0.478	1	0:00:28.688708
46	3	198261.0	3	0.0	0.281	0.282	0.282	1	0:00:28.696325
47	9	182872.0	9	0.0	0.241	0.168	0.163	1	0:00:25.340901
48	7	199981.0	7	0.0	0.413	0.426	0.428	1	0:00:28.739645
49	6	199013.0	6	0.0	0.305	0.305	0.306	1	0:00:28.700830
50	9	200000.0	9	0.0	0.436	0.475	0.478	1	0:00:28.743723
51	8	199838.0	8	0.0	0.366	0.369	0.37	1	0:00:28.725021
52	0	0	2	0.0	0.0	0.0	0.0	0	0:00:00.021284
53	3	176931.0	3	0.0	0.226	0.147	0.142	1	0:00:25.215341
54	8	200000.0	8	0.0	0.436	0.475	0.478	1	0:00:28.751740
55	8	199963.0	8	0.0	0.402	0.411	0.412	1	0:00:28.745366
56	7	111105.0	7	0.0	0.0706	0.0175	0.0157	1	0:00:24.307951
57	7	72978.0	-1	0.0	0.0	0.0	0.0	0	0:00:18.328781
58	4	0	3	0.0	0.0	0.0	0.0	0	0:00:00.020645
59	6	0	4	0.0	0.0	0.0	0.0	0	0:00:00.020542
60	7	200000.0	7	0.0	0.436	0.475	0.478	1	0:00:29.273494
61	3	0	5	0.0	0.0	0.0	0.0	0	0:00:00.021271
62	6	199998.0	6	0.0	0.432	0.461	0.463	1	0:00:28.755284
63	3	0	9	0.0	0.0	0.0	0.0	0	0:00:00.021237
64	6	199634.0	6	0.0	0.341	0.342	0.343	1	0:00:28.717152
65	2	199932.0	2	0.0	0.389	0.395	0.396	1	0:00:28.699923
66	1	199998.0	1	0.0	0.432	0.461	0.463	1	0:00:28.674813
67	2	199387.0	2	0.0	0.323	0.324	0.324	1	0:00:28.677348
68	3	179049.0	3	0.0	0.233	0.154	0.149	1	0:00:25.286289
69	7	197166.0	7	0.0	0.26	0.26	0.26	1	0:00:28.691642
70	2	0	4	0.0	0.0	0.0	0.0	0	0:00:00.021174
71	6	199241.0	6	0.0	0.315	0.316	0.316	1	0:00:28.654441
72	8	199874.0	8	0.0	0.373	0.377	0.378	1	0:00:28.707708
73	8	200000.0	8	0.0	0.436	0.475	0.478	1	0:00:28.685218
74	0	199476.0	0	0.0	0.328	0.33	0.33	1	0:00:28.668890
75	2	199998.0	2	0.0	0.432	0.461	0.463	1	0:00:28.707622
76	9	124258.0	9	0.0	0.106	0.0404	0.036	1	0:00:24.139109
77	3	142887.0	3	0.0	0.144	0.0734	0.0669	1	0:00:24.605947
78	3	199010.0	3	0.0	0.304	0.305	0.305	1	0:00:28.753870
79	8	200000.0	8	0.0	0.436	0.475	0.478	1	0:00:28.741576
80	8	200000.0	8	0.0	0.436	0.475	0.478	1	0:00:28.752044
81	1	195228.0	1	0.0	0.235	0.235	0.235	1	0:00:28.713598
82	1	200000.0	1	0.0	0.436	0.475	0.478	1	0:00:28.749270
83	7	199981.0	7	0.0	0.413	0.426	0.428	1	0:00:28.756509
84	2	197891.0	2	0.0	0.273	0.274	0.274	1	0:00:28.752808
85	5	0	7	0.0	0.0	0.0	0.0	0	0:00:00.021174
86	2	188822.0	2	0.0	0.254	0.196	0.189	1	0:00:25.008792
87	7	175227.0	7	0.0	0.227	0.141	0.137	1	0:00:25.311203
88	8	200000.0	8	0.0	0.436	0.475	0.478	1	0:00:28.971057
89	9	200000.0	9	0.0	0.436	0.475	0.478	1	0:00:28.938571
90	0	194053.0	0	0.0	0.345	0.224	0.224	1	0:00:20.190033
91	3	0	6	0.0	0.0	0.0	0.0	0	0:00:00.020829
92	8	199999.0	8	0.0	0.434	0.467	0.469	1	0:00:29.210253
93	6	199999.0	6	0.0	0.434	0.467	0.469	1	0:00:28.757566
94	4	195353.0	4	0.0	0.331	0.238	0.237	1	0:00:19.876000
95	6	167658.0	6	0.0	0.205	0.122	0.117	1	0:00:24.895427
96	6	199025.0	6	0.0	0.305	0.306	0.306	1	0:00:28.745868
97	0	199200.0	0	0.0	0.313	0.314	0.314	1	0:00:28.682343
98	0	200000.0	0	0.0	0.436	0.475	0.478	1	0:00:28.736088
99	7	199993.0	7	0.0	0.424	0.445	0.447	1	0:00:28.737123
100	4	172116.0	4	0.0	0.207	0.135	0.129	1	0:00:24.871011
101	5	198462.0	5	0.0	0.287	0.287	0.287	1	0:00:28.858606
102	6	199999.0	6	0.0	0.434	0.467	0.469	1	0:00:28.779259
103	3	199938.0	3	0.0	0.391	0.398	0.398	1	0:00:28.766146
104	1	200000.0	1	0.0	0.436	0.475	0.478	1	0:00:28.776916
105	1	200000.0	1	0.0	0.436	0.475	0.478	1	0:00:28.748095
106	3	192156.0	3	0.0	0.264	0.217	0.209	1	0:00:25.230116
107	6	199939.0	6	0.0	0.391	0.398	0.399	1	0:00:28.792322
108	8	199516.0	8	0.0	0.331	0.332	0.333	1	0:00:28.767076
109	7	200000.0	7	0.0	0.436	0.475	0.478	1	0:00:28.836013
110	4	186498.0	4	0.0	0.232	0.189	0.178	1	0:00:24.726560
111	0	200000.0	0	0.0	0.436	0.475	0.478	1	0:00:29.047110
112	6	181627.0	6	0.0	0.248	0.162	0.158	1	0:00:25.692029
113	2	199918.0	2	0.0	0.384	0.39	0.39	1	0:00:28.959160
114	1	199758.0	1	0.0	0.354	0.356	0.357	1	0:00:28.885426
115	3	199801.0	3	0.0	0.36	0.363	0.363	1	0:00:28.924594
116	0	200000.0	0	0.0	0.436	0.475	0.478	1	0:00:28.943064
117	4	199840.0	4	0.0	0.366	0.37	0.37	1	0:00:28.940129
118	2	0	3	0.0	0.0	0.0	0.0	0	0:00:00.021415
119	7	108276.0	7	0.0	0.0548	0.0135	0.0114	1	0:00:24.558661
120	8	198628.0	8	0.0	0.291	0.292	0.292	1	0:00:29.193491
121	3	95339.0	-1	0.0	0.0	0.0	0.0	0	0:00:18.443722
122	1	200000.0	1	0.0	0.436	0.475	0.478	1	0:00:29.625439
123	2	200000.0	2	0.0	0.436	0.475	0.478	1	0:00:28.720550
124	8	199020.0	8	0.0	0.305	0.306	0.306	1	0:00:28.692555
125	0	0	2	0.0	0.0	0.0	0.0	0	0:00:00.021168
126	8	146816.0	8	0.0	0.147	0.0827	0.0739	1	0:00:24.516651
127	3	181642.0	3	0.0	0.245	0.162	0.158	1	0:00:25.432579
128	5	0	3	0.0	0.0	0.0	0.0	0	0:00:00.021261
129	2	199442.0	2	0.0	0.326	0.327	0.328	1	0:00:28.698910
130	4	198367.0	4	0.0	0.284	0.285	0.285	1	0:00:28.680067
131	1	200000.0	1	0.0	0.436	0.475	0.478	1	0:00:28.725899
132	8	199984.0	8	0.0	0.415	0.43	0.431	1	0:00:28.711328
133	9	200000.0	9	0.0	0.436	0.475	0.478	1	0:00:28.729469
134	1	199668.0	1	0.0	0.344	0.346	0.346	1	0:00:28.741478
135	2	199962.0	2	0.0	0.401	0.41	0.411	1	0:00:28.744320
136	9	200000.0	9	0.0	0.436	0.475	0.478	1	0:00:28.737546
137	7	200000.0	7	0.0	0.436	0.475	0.478	1	0:00:28.751753
138	2	196938.0	2	0.0	0.256	0.257	0.257	1	0:00:28.722789
139	9	0	8	0.0	0.0	0.0	0.0	0	0:00:00.021182
140	6	185938.0	6	0.0	0.251	0.18	0.175	1	0:00:25.737875
141	5	200000.0	5	0.0	0.436	0.475	0.478	1	0:00:28.900497
142	6	199986.0	6	0.0	0.417	0.433	0.434	1	0:00:28.816636
143	3	122866.0	3	0.0	0.0925	0.043	0.0338	1	0:00:24.085731
144	8	199994.0	8	0.0	0.426	0.448	0.449	1	0:00:29.020304
145	7	198032.0	7	0.0	0.276	0.277	0.277	1	0:00:28.781673
146	6	199911.0	6	0.0	0.382	0.387	0.388	1	0:00:28.765572
147	2	166604.0	2	0.0	0.199	0.12	0.115	1	0:00:24.856046
148	5	200000.0	5	0.0	0.436	0.475	0.478	1	0:00:28.792399
149	2	199998.0	2	0.0	0.432	0.461	0.463	1	0:00:28.789854
150	8	199608.0	8	0.0	0.338	0.34	0.34	1	0:00:28.712236
151	9	199896.0	9	0.0	0.378	0.383	0.383	1	0:00:28.756300
152	6	198337.0	6	0.0	0.283	0.284	0.284	1	0:00:28.729827
153	0	199944.0	0	0.0	0.393	0.4	0.401	1	0:00:28.789674
154	0	177544.0	0	0.0	0.222	0.15	0.144	1	0:00:25.163139
155	5	184177.0	5	0.0	0.245	0.173	0.168	1	0:00:25.577582
156	2	199990.0	2	0.0	0.421	0.439	0.441	1	0:00:28.889720
157	9	200000.0	9	0.0	0.436	0.475	0.478	1	0:00:28.769869
158	5	0	3	0.0	0.0	0.0	0.0	0	0:00:00.021417
159	4	199997.0	4	0.0	0.43	0.457	0.459	1	0:00:28.754928
160	2	183565.0	2	0.0	0.231	0.173	0.165	1	0:00:24.618400
161	1	199991.0	1	0.0	0.422	0.441	0.442	1	0:00:28.902809
162	6	195607.0	6	0.0	0.239	0.239	0.239	1	0:00:28.755706
163	6	199986.0	6	0.0	0.417	0.433	0.434	1	0:00:28.740740
164	8	0	0	0.0	0.0	0.0	0.0	0	0:00:00.021490
165	4	0	2	0.0	0.0	0.0	0.0	0	0:00:00.020593
166	8	199995.0	8	0.0	0.427	0.45	0.452	1	0:00:28.762921
167	4	107754.0	4	0.0	0.0508	0.0136	0.0106	1	0:00:24.253606
168	5	136814.0	5	0.0	0.126	0.0653	0.0564	1	0:00:24.235532
169	0	135898.0	0	0.0	0.128	0.0617	0.0549	1	0:00:24.361850
170	9	199999.0	9	0.0	0.434	0.467	0.469	1	0:00:28.983841
171	9	0	0	0.0	0.0	0.0	0.0	0	0:00:00.020933
172	9	197398.0	9	0.0	0.264	0.264	0.264	1	0:00:28.820505
173	8	0	2	0.0	0.0	0.0	0.0	0	0:00:00.021065
174	9	200000.0	9	0.0	0.436	0.475	0.478	1	0:00:28.821439
175	9	200000.0	9	0.0	0.436	0.475	0.478	1	0:00:28.834469
176	3	197071.0	3	0.0	0.258	0.259	0.259	1	0:00:28.872260
177	7	199340.0	7	0.0	0.32	0.321	0.321	1	0:00:28.823349
178	5	130103.0	5	0.0	0.113	0.0529	0.0453	1	0:00:24.267366
179	0	200000.0	0	0.0	0.436	0.475	0.478	1	0:00:29.100070
180	0	199998.0	0	0.0	0.432	0.461	0.463	1	0:00:28.871511
181	5	200000.0	5	0.0	0.436	0.475	0.478	1	0:00:28.784013
182	2	199945.0	2	0.0	0.394	0.401	0.402	1	0:00:28.777362
183	2	142174.0	2	0.0	0.133	0.077	0.0656	1	0:00:24.149144
184	3	0	0	0.0	0.0	0.0	0.0	0	0:00:00.021228
185	8	200000.0	8	0.0	0.436	0.475	0.478	1	0:00:28.874274
186	6	124019.0	6	0.0	0.105	0.0401	0.0356	1	0:00:24.231889
187	3	0	2	0.0	0.0	0.0	0.0	0	0:00:00.020997
188	4	0	5	0.0	0.0	0.0	0.0	0	0:00:00.020605
189	0	189684.0	0	0.0	0.275	0.197	0.194	1	0:00:25.612554
190	5	196077.0	5	0.0	0.245	0.245	0.245	1	0:00:28.988343
191	8	199924.0	8	0.0	0.386	0.392	0.393	1	0:00:28.772524
192	0	200000.0	0	0.0	0.436	0.475	0.478	1	0:00:28.753197
193	1	198730.0	1	0.0	0.295	0.295	0.295	1	0:00:28.741598
194	7	200000.0	7	0.0	0.436	0.475	0.478	1	0:00:28.764409
195	2	150808.0	2	0.0	0.157	0.0893	0.0813	1	0:00:24.155760
196	8	200000.0	8	0.0	0.436	0.475	0.478	1	0:00:28.771122
197	8	200000.0	8	0.0	0.436	0.475	0.478	1	0:00:28.764753
198	7	200000.0	7	0.0	0.436	0.475	0.478	1	0:00:28.755870
199	8	185896.0	8	0.0	0.257	0.179	0.175	1	0:00:25.725107
200	5	103703.0	5	0.0	0.0319	0.00546	0.00453	1	0:00:24.664677
201	1	199909.0	1	0.0	0.382	0.387	0.387	1	0:00:29.026069
202	8	200000.0	8	0.0	0.436	0.475	0.478	1	0:00:28.748332
203	7	188154.0	7	0.0	0.294	0.187	0.186	1	0:00:26.153325
204	1	200000.0	1	0.0	0.436	0.475	0.478	1	0:00:28.725579
205	3	199092.0	3	0.0	0.308	0.309	0.309	1	0:00:28.694204
206	0	192376.0	0	0.0	0.305	0.213	0.211	1	0:00:25.682901
207	5	199983.0	5	0.0	0.414	0.429	0.43	1	0:00:28.742335
208	7	200000.0	7	0.0	0.436	0.475	0.478	1	0:00:28.727347
209	9	200000.0	9	0.0	0.436	0.475	0.478	1	0:00:28.754013
210	7	0	5	0.0	0.0	0.0	0.0	0	0:00:00.021244
211	4	0	0	0.0	0.0	0.0	0.0	0	0:00:00.020577
212	5	94548.0	-1	0.0	0.0	0.0	0.0	0	0:00:18.308797
213	9	0	7	0.0	0.0	0.0	0.0	0	0:00:00.020695
214	8	139672.0	8	0.0	0.131	0.071	0.0613	1	0:00:24.777135
215	0	182504.0	0	0.0	0.254	0.164	0.161	1	0:00:25.752728
216	7	200000.0	7	0.0	0.436	0.475	0.478	1	0:00:28.754760
217	9	200000.0	9	0.0	0.436	0.475	0.478	1	0:00:28.692741
218	8	0	3	0.0	0.0	0.0	0.0	0	0:00:00.021275
219	2	199171.0	2	0.0	0.311	0.312	0.312	1	0:00:28.649683
220	7	199772.0	7	0.0	0.356	0.358	0.359	1	0:00:28.667851
221	6	198178.0	6	0.0	0.279	0.28	0.28	1	0:00:28.625144
222	9	200000.0	9	0.0	0.436	0.475	0.478	1	0:00:28.714794
223	4	189200.0	4	0.0	0.268	0.195	0.191	1	0:00:25.172627
224	3	0	5	0.0	0.0	0.0	0.0	0	0:00:00.021151
225	9	160334.0	9	0.0	0.193	0.105	0.101	1	0:00:24.675545
226	6	52492.0	-1	0.0	0.0	0.0	0.0	0	0:00:18.252105
227	4	199972.0	4	0.0	0.407	0.418	0.419	1	0:00:28.809603
228	7	0	5	0.0	0.0	0.0	0.0	0	0:00:00.021254
229	6	199491.0	6	0.0	0.329	0.331	0.331	1	0:00:28.702339
230	5	200000.0	5	0.0	0.436	0.475	0.478	1	0:00:28.708517
231	1	200000.0	1	0.0	0.436	0.475	0.478	1	0:00:28.710113
232	5	153444.0	5	0.0	0.173	0.0913	0.0864	1	0:00:24.867452
233	8	172955.0	8	0.0	0.198	0.141	0.131	1	0:00:24.702734
234	8	200000.0	8	0.0	0.436	0.475	0.478	1	0:00:28.744371
235	0	200000.0	0	0.0	0.436	0.475	0.478	1	0:00:28.755347
236	4	199892.0	4	0.0	0.377	0.382	0.382	1	0:00:28.752719
237	0	193204.0	0	0.0	0.271	0.224	0.217	1	0:00:25.298652
238	5	100048.0	-1	0.0	0.0	0.0	0.0	0	0:00:18.415447
239	5	198532.0	5	0.0	0.289	0.289	0.289	1	0:00:29.562888
240	1	200000.0	1	0.0	0.436	0.475	0.478	1	0:00:28.753950
241	1	200000.0	1	0.0	0.436	0.475	0.478	1	0:00:28.733758
242	8	163380.0	8	0.0	0.179	0.117	0.107	1	0:00:24.289914
243	9	200000.0	9	0.0	0.436	0.475	0.478	1	0:00:28.721017
244	0	200000.0	0	0.0	0.436	0.475	0.478	1	0:00:28.732264
245	3	0	6	0.0	0.0	0.0	0.0	0	0:00:00.021131
246	1	198508.0	1	0.0	0.288	0.288	0.289	1	0:00:28.668223
247	9	0	8	0.0	0.0	0.0	0.0	0	0:00:00.021376
248	2	199997.0	2	0.0	0.43	0.457	0.459	1	0:00:28.717299
249	2	170824.0	2	0.0	0.207	0.131	0.125	1	0:00:24.834806
250	5	196474.0	5	0.0	0.25	0.25	0.25	1	0:00:28.781852
251	3	199975.0	3	0.0	0.409	0.42	0.421	1	0:00:28.750423
252	9	200000.0	9	0.0	0.436	0.475	0.478	1	0:00:28.743744
253	9	193020.0	9	0.0	0.3	0.218	0.216	1	0:00:25.728980
254	4	0	6	0.0	0.0	0.0	0.0	0	0:00:00.021140
255	0	86262.0	-1	0.0	0.0	0.0	0.0	0	0:00:18.300915
256	3	122617.0	3	0.0	0.102	0.0375	0.0334	1	0:00:24.366400
257	0	200000.0	0	0.0	0.436	0.475	0.478	1	0:00:28.808126
258	0	0	8	0.0	0.0	0.0	0.0	0	0:00:00.021228
259	9	187013.0	9	0.0	0.269	0.183	0.18	1	0:00:25.919959
260	8	200000.0	8	0.0	0.436	0.475	0.478	1	0:00:28.734820
261	1	199978.0	1	0.0	0.411	0.423	0.424	1	0:00:28.707335
262	5	115871.0	5	0.0	0.0774	0.0287	0.023	1	0:00:24.355880
263	7	187501.0	7	0.0	0.255	0.188	0.182	1	0:00:25.031240
264	0	0	8	0.0	0.0	0.0	0.0	0	0:00:00.021152
265	8	200000.0	8	0.0	0.436	0.475	0.478	1	0:00:28.762573
266	2	0	0	0.0	0.0	0.0	0.0	0	0:00:00.021129
267	4	199999.0	4	0.0	0.434	0.467	0.469	1	0:00:28.748840
268	7	200000.0	7	0.0	0.436	0.475	0.478	1	0:00:28.776892
269	0	190999.0	0	0.0	0.28	0.205	0.202	1	0:00:25.562196
270	2	197035.0	2	0.0	0.258	0.258	0.258	1	0:00:28.797815
271	3	0	5	0.0	0.0	0.0	0.0	0	0:00:00.021236
272	6	200000.0	6	0.0	0.436	0.475	0.478	1	0:00:28.755964
273	3	191354.0	3	0.0	0.287	0.207	0.204	1	0:00:25.573799
274	8	199979.0	8	0.0	0.411	0.424	0.425	1	0:00:28.735050
275	5	0	3	0.0	0.0	0.0	0.0	0	0:00:00.021259
276	0	200000.0	0	0.0	0.436	0.475	0.478	1	0:00:28.732446
277	3	0	2	0.0	0.0	0.0	0.0	0	0:00:00.021173
278	4	196178.0	4	0.0	0.246	0.246	0.246	1	0:00:28.730758
279	3	134341.0	3	0.0	0.133	0.0567	0.0523	1	0:00:24.280853
280	9	199872.0	9	0.0	0.373	0.377	0.377	1	0:00:28.798019
281	0	127006.0	0	0.0	0.116	0.0441	0.0404	1	0:00:24.250316
282	6	199991.0	6	0.0	0.422	0.441	0.442	1	0:00:28.861041
283	1	200000.0	1	0.0	0.436	0.475	0.478	1	0:00:28.788874
284	0	0	9	0.0	0.0	0.0	0.0	0	0:00:00.021327
285	9	200000.0	9	0.0	0.436	0.475	0.478	1	0:00:28.790794
286	1	200000.0	1	0.0	0.436	0.475	0.478	1	0:00:28.823922
287	0	0	8	0.0	0.0	0.0	0.0	0	0:00:00.021196
288	7	200000.0	7	0.0	0.436	0.475	0.478	1	0:00:28.852340
289	9	200000.0	9	0.0	0.436	0.475	0.478	1	0:00:28.784657
290	1	200000.0	1	0.0	0.436	0.475	0.478	1	0:00:28.760257
291	2	199999.0	2	0.0	0.434	0.467	0.469	1	0:00:28.766515
292	6	199195.0	6	0.0	0.312	0.313	0.314	1	0:00:28.734195
293	9	140244.0	9	0.0	0.147	0.0665	0.0623	1	0:00:24.809807
294	3	200000.0	3	0.0	0.436	0.475	0.478	1	0:00:28.985263
295	4	195028.0	4	0.0	0.366	0.233	0.233	1	0:00:20.214341
296	6	200000.0	6	0.0	0.436	0.475	0.478	1	0:00:29.131714
297	0	200000.0	0	0.0	0.436	0.475	0.478	1	0:00:28.754559
298	0	199852.0	0	0.0	0.369	0.372	0.373	1	0:00:28.750684
299	6	200000.0	6	0.0	0.436	0.475	0.478	1	0:00:28.753702
300	6	200000.0	6	0.0	0.436	0.475	0.478	1	0:00:28.746933
301	6	199991.0	6	0.0	0.422	0.441	0.442	1	0:00:28.773701
302	3	0	5	0.0	0.0	0.0	0.0	0	0:00:00.021426
303	2	199788.0	2	0.0	0.358	0.361	0.361	1	0:00:28.777511
304	6	200000.0	6	0.0	0.436	0.475	0.478	1	0:00:28.837752
305	1	200000.0	1	0.0	0.436	0.475	0.478	1	0:00:28.860054
306	8	124615.0	8	0.0	0.108	0.0409	0.0366	1	0:00:24.172193
307	2	198775.0	2	0.0	0.296	0.297	0.297	1	0:00:28.837629
308	1	200000.0	1	0.0	0.436	0.475	0.478	1	0:00:28.778102
309	6	0	2	0.0	0.0	0.0	0.0	0	0:00:00.021165
310	8	187634.0	8	0.0	0.272	0.186	0.183	1	0:00:25.952415
311	6	200000.0	6	0.0	0.436	0.475	0.478	1	0:00:28.778365
312	8	0	0	0.0	0.0	0.0	0.0	0	0:00:00.021184
313	0	0	5	0.0	0.0	0.0	0.0	0	0:00:00.020614
314	4	193389.0	4	0.0	0.297	0.221	0.219	1	0:00:25.714117
315	0	200000.0	0	0.0	0.436	0.475	0.478	1	0:00:28.796942
316	7	0	2	0.0	0.0	0.0	0.0	0	0:00:00.021160
317	7	199998.0	7	0.0	0.432	0.461	0.463	1	0:00:28.771790
318	5	198269.0	5	0.0	0.282	0.282	0.282	1	0:00:28.777176
319	5	199999.0	5	0.0	0.434	0.467	0.469	1	0:00:28.824895
320	3	195019.0	3	0.0	0.233	0.233	0.233	1	0:00:19.019955
321	5	196329.0	5	0.0	0.248	0.248	0.248	1	0:00:29.446210
322	2	199806.0	2	0.0	0.361	0.364	0.364	1	0:00:28.752365
323	3	180422.0	3	0.0	0.221	0.162	0.154	1	0:00:25.074578
324	4	199990.0	4	0.0	0.421	0.439	0.441	1	0:00:28.727285
325	1	166556.0	1	0.0	0.191	0.122	0.115	1	0:00:24.638253
326	7	193810.0	7	0.0	0.328	0.223	0.222	1	0:00:20.386894
327	5	199929.0	5	0.0	0.388	0.394	0.394	1	0:00:28.767327
328	4	200000.0	4	0.0	0.436	0.475	0.478	1	0:00:28.715177
329	6	195590.0	6	0.0	0.239	0.239	0.239	1	0:00:28.668311
330	1	200000.0	1	0.0	0.436	0.475	0.478	1	0:00:28.694181
331	9	200000.0	9	0.0	0.436	0.475	0.478	1	0:00:28.703810
332	3	0	6	0.0	0.0	0.0	0.0	0	0:00:00.021454
333	6	200000.0	6	0.0	0.436	0.475	0.478	1	0:00:28.706677
334	6	200000.0	6	0.0	0.436	0.475	0.478	1	0:00:28.690173
335	9	199998.0	9	0.0	0.432	0.461	0.463	1	0:00:28.730274
336	3	200000.0	3	0.0	0.436	0.475	0.478	1	0:00:28.731583
337	8	199968.0	8	0.0	0.404	0.414	0.415	1	0:00:28.714850
338	0	199931.0	0	0.0	0.388	0.395	0.395	1	0:00:28.726940
339	7	163594.0	7	0.0	0.194	0.113	0.108	1	0:00:24.736900
340	2	197678.0	2	0.0	0.269	0.269	0.269	1	0:00:28.750557
341	6	200000.0	6	0.0	0.436	0.475	0.478	1	0:00:28.774642
342	2	189635.0	2	0.0	0.274	0.197	0.194	1	0:00:25.325540
343	5	193364.0	5	0.0	0.313	0.22	0.218	1	0:00:25.664954
344	8	199916.0	8	0.0	0.384	0.389	0.39	1	0:00:28.893714
345	5	200000.0	5	0.0	0.436	0.475	0.478	1	0:00:28.784070
346	4	199995.0	4	0.0	0.427	0.45	0.452	1	0:00:28.744653
347	6	199579.0	6	0.0	0.336	0.337	0.338	1	0:00:28.691104
348	8	200000.0	8	0.0	0.436	0.475	0.478	1	0:00:28.736665
349	9	154092.0	9	0.0	0.168	0.0944	0.0877	1	0:00:24.289746
350	9	200000.0	9	0.0	0.436	0.475	0.478	1	0:00:28.754252
351	1	198477.0	1	0.0	0.287	0.288	0.288	1	0:00:28.730695
352	0	194060.0	0	0.0	0.322	0.225	0.224	1	0:00:25.203326
353	2	200000.0	2	0.0	0.436	0.475	0.478	1	0:00:28.837306
354	2	0	3	0.0	0.0	0.0	0.0	0	0:00:00.021350
355	7	126424.0	7	0.0	0.113	0.0436	0.0394	1	0:00:24.319194
356	3	0	5	0.0	0.0	0.0	0.0	0	0:00:00.021138
357	2	188182.0	2	0.0	0.255	0.192	0.186	1	0:00:25.358630
358	8	199959.0	8	0.0	0.4	0.408	0.409	1	0:00:28.884067
359	0	200000.0	0	0.0	0.436	0.475	0.478	1	0:00:28.775621
360	9	200000.0	9	0.0	0.436	0.475	0.478	1	0:00:28.732187
361	5	198120.0	5	0.0	0.278	0.279	0.279	1	0:00:28.706204
362	8	200000.0	8	0.0	0.436	0.475	0.478	1	0:00:28.704337
363	1	196751.0	1	0.0	0.254	0.254	0.254	1	0:00:28.714235
364	9	200000.0	9	0.0	0.436	0.475	0.478	1	0:00:28.717204
365	4	198636.0	4	0.0	0.292	0.292	0.292	1	0:00:28.708541
366	1	173876.0	1	0.0	0.209	0.14	0.133	1	0:00:24.832244
367	3	185974.0	3	0.0	0.261	0.179	0.175	1	0:00:25.743704
368	8	0	0	0.0	0.0	0.0	0.0	0	0:00:00.021215
369	1	199917.0	1	0.0	0.384	0.389	0.39	1	0:00:28.750700
370	4	114177.0	4	0.0	0.075	0.0243	0.0204	1	0:00:24.255732
371	7	200000.0	7	0.0	0.436	0.475	0.478	1	0:00:28.907679
372	9	200000.0	9	0.0	0.436	0.475	0.478	1	0:00:28.805550
373	4	199991.0	4	0.0	0.422	0.441	0.442	1	0:00:28.759534
374	2	200000.0	2	0.0	0.436	0.475	0.478	1	0:00:28.793151
375	7	198067.0	7	0.0	0.277	0.277	0.278	1	0:00:28.748075
376	0	199952.0	0	0.0	0.396	0.404	0.405	1	0:00:28.793063
377	7	180979.0	7	0.0	0.234	0.161	0.156	1	0:00:25.281999
378	0	0	2	0.0	0.0	0.0	0.0	0	0:00:00.020844
379	6	200000.0	6	0.0	0.436	0.475	0.478	1	0:00:28.820022
380	6	186036.0	6	0.0	0.257	0.18	0.176	1	0:00:25.739487
381	9	199943.0	9	0.0	0.393	0.4	0.401	1	0:00:28.896715
382	0	200000.0	0	0.0	0.436	0.475	0.478	1	0:00:28.806561
383	9	172434.0	9	0.0	0.221	0.133	0.13	1	0:00:25.253505
384	2	100761.0	2	0.0	2.21e-05	4.3e-05	0.000105	1	0:00:25.810462
385	8	191277.0	8	0.0	0.321	0.204	0.203	1	0:00:26.088497
386	7	200000.0	7	0.0	0.436	0.475	0.478	1	0:00:28.884779
387	2	155141.0	2	0.0	0.176	0.0947	0.0898	1	0:00:24.391806
388	2	192862.0	2	0.0	0.291	0.217	0.214	1	0:00:25.759654
389	5	200000.0	5	0.0	0.436	0.475	0.478	1	0:00:28.845551
390	1	200000.0	1	0.0	0.436	0.475	0.478	1	0:00:28.790246
391	2	200000.0	2	0.0	0.436	0.475	0.478	1	0:00:28.806388
392	6	199999.0	6	0.0	0.434	0.467	0.469	1	0:00:28.808561
393	2	159515.0	2	0.0	0.185	0.104	0.0988	1	0:00:24.716883
394	9	199327.0	9	0.0	0.319	0.32	0.32	1	0:00:28.951416
395	6	199895.0	6	0.0	0.378	0.383	0.383	1	0:00:28.765658
396	2	199522.0	2	0.0	0.331	0.333	0.333	1	0:00:28.703280
397	3	196686.0	3	0.0	0.253	0.253	0.253	1	0:00:28.770549
398	0	199992.0	0	0.0	0.423	0.443	0.445	1	0:00:28.776664
399	3	179827.0	3	0.0	0.243	0.155	0.152	1	0:00:25.466437
400	9	200000.0	9	0.0	0.436	0.475	0.478	1	0:00:28.936727
401	8	108184.0	8	0.0	0.0531	0.0136	0.0113	1	0:00:24.412811
402	7	199728.0	7	0.0	0.35	0.353	0.353	1	0:00:28.852709
403	8	199010.0	8	0.0	0.304	0.305	0.305	1	0:00:28.759521
404	8	200000.0	8	0.0	0.436	0.475	0.478	1	0:00:28.752231
405	4	133690.0	4	0.0	0.12	0.0596	0.0512	1	0:00:24.148364
406	0	200000.0	0	0.0	0.436	0.475	0.478	1	0:00:28.887698
407	1	199999.0	1	0.0	0.434	0.467	0.469	1	0:00:28.813887
408	8	199999.0	8	0.0	0.434	0.467	0.469	1	0:00:28.834972
409	2	199648.0	2	0.0	0.342	0.344	0.344	1	0:00:28.831611
410	7	199998.0	7	0.0	0.432	0.461	0.463	1	0:00:28.793812
411	9	199989.0	9	0.0	0.42	0.437	0.439	1	0:00:28.848820
412	3	0	5	0.0	0.0	0.0	0.0	0	0:00:00.021325
413	6	200000.0	6	0.0	0.436	0.475	0.478	1	0:00:28.781139
414	1	200000.0	1	0.0	0.436	0.475	0.478	1	0:00:28.790745
415	9	200000.0	9	0.0	0.436	0.475	0.478	1	0:00:28.765131
416	0	199998.0	0	0.0	0.432	0.461	0.463	1	0:00:28.796188
417	7	167344.0	7	0.0	0.202	0.122	0.116	1	0:00:24.859855
418	3	0	5	0.0	0.0	0.0	0.0	0	0:00:00.021152
419	7	199934.0	7	0.0	0.389	0.396	0.397	1	0:00:28.896576
420	4	199986.0	4	0.0	0.417	0.433	0.434	1	0:00:28.782400
421	5	188880.0	5	0.0	0.262	0.194	0.189	1	0:00:25.221490
422	0	0	8	0.0	0.0	0.0	0.0	0	0:00:00.021119
423	0	199999.0	0	0.0	0.434	0.467	0.469	1	0:00:28.773251
424	2	191825.0	2	0.0	0.28	0.211	0.207	1	0:00:25.596749
425	9	200000.0	9	0.0	0.436	0.475	0.478	1	0:00:28.834639
426	3	0	6	0.0	0.0	0.0	0.0	0	0:00:00.021220
427	4	197294.0	4	0.0	0.262	0.262	0.263	1	0:00:28.792487
428	0	182348.0	0	0.0	0.249	0.164	0.161	1	0:00:25.533628
429	6	189374.0	6	0.0	0.273	0.195	0.192	1	0:00:25.392536
430	2	0	4	0.0	0.0	0.0	0.0	0	0:00:00.021137
431	5	188184.0	5	0.0	0.279	0.188	0.186	1	0:00:26.226307
432	3	175693.0	3	0.0	0.214	0.145	0.139	1	0:00:25.167003
433	7	199997.0	7	0.0	0.43	0.457	0.459	1	0:00:28.961444
434	3	0	7	0.0	0.0	0.0	0.0	0	0:00:00.021254
435	7	199999.0	7	0.0	0.434	0.467	0.469	1	0:00:28.807386
436	2	0	3	0.0	0.0	0.0	0.0	0	0:00:00.021140
437	5	187746.0	5	0.0	0.258	0.188	0.184	1	0:00:25.246259
438	3	199933.0	3	0.0	0.389	0.395	0.396	1	0:00:29.016102
439	1	0	9	0.0	0.0	0.0	0.0	0	0:00:00.021155
440	1	200000.0	1	0.0	0.436	0.475	0.478	1	0:00:28.847472
441	4	199834.0	4	0.0	0.365	0.369	0.369	1	0:00:28.854981
442	9	200000.0	9	0.0	0.436	0.475	0.478	1	0:00:28.861856
443	9	200000.0	9	0.0	0.436	0.475	0.478	1	0:00:28.799521
444	5	171350.0	5	0.0	0.213	0.131	0.127	1	0:00:24.968988
445	7	199644.0	7	0.0	0.342	0.343	0.344	1	0:00:28.961218
446	5	194622.0	5	0.0	0.311	0.231	0.229	1	0:00:25.773856
447	0	200000.0	0	0.0	0.436	0.475	0.478	1	0:00:28.775954
448	2	199874.0	2	0.0	0.373	0.377	0.378	1	0:00:28.761520
449	2	0	0	0.0	0.0	0.0	0.0	0	0:00:00.021290
450	2	199839.0	2	0.0	0.366	0.37	0.37	1	0:00:28.751852
451	9	200000.0	9	0.0	0.436	0.475	0.478	1	0:00:28.740715
452	7	200000.0	7	0.0	0.436	0.475	0.478	1	0:00:28.756940
453	3	102550.0	3	0.0	0.00271	0.00365	0.0028	1	0:00:25.372629
454	9	200000.0	9	0.0	0.436	0.475	0.478	1	0:00:28.800702
455	4	199758.0	4	0.0	0.354	0.356	0.357	1	0:00:28.773516
456	3	103332.0	3	0.0	0.00579	0.00461	0.00397	1	0:00:25.377836
457	5	0	7	0.0	0.0	0.0	0.0	0	0:00:00.021167
458	4	0	6	0.0	0.0	0.0	0.0	0	0:00:00.020630
459	6	151160.0	6	0.0	0.149	0.0945	0.082	1	0:00:24.173892
460	5	200000.0	5	0.0	0.436	0.475	0.478	1	0:00:29.096031
461	6	199995.0	6	0.0	0.427	0.45	0.452	1	0:00:28.748334
462	1	200000.0	1	0.0	0.436	0.475	0.478	1	0:00:28.721898
463	4	107230.0	4	0.0	0.0473	0.0125	0.00985	1	0:00:24.117274
464	3	198139.0	3	0.0	0.279	0.279	0.279	1	0:00:28.710838
465	4	199939.0	4	0.0	0.391	0.398	0.399	1	0:00:28.690428
466	4	200000.0	4	0.0	0.436	0.475	0.478	1	0:00:28.707924
467	3	199965.0	3	0.0	0.403	0.412	0.413	1	0:00:28.708018
468	7	199991.0	7	0.0	0.422	0.441	0.442	1	0:00:28.697952
469	8	200000.0	8	0.0	0.436	0.475	0.478	1	0:00:28.684151
470	3	159293.0	3	0.0	0.171	0.107	0.0983	1	0:00:24.184877
471	7	199997.0	7	0.0	0.43	0.457	0.459	1	0:00:28.705335
472	8	199840.0	8	0.0	0.366	0.37	0.37	1	0:00:28.729384
473	0	0	2	0.0	0.0	0.0	0.0	0	0:00:00.021223
474	5	115215.0	5	0.0	0.0811	0.0252	0.022	1	0:00:24.339862
475	7	199999.0	7	0.0	0.434	0.467	0.469	1	0:00:28.756977
476	6	104179.0	6	0.0	0.0329	0.00636	0.00525	1	0:00:24.552281
477	0	183817.0	0	0.0	0.243	0.172	0.166	1	0:00:25.437301
478	5	188505.0	5	0.0	0.271	0.191	0.187	1	0:00:26.025786
479	4	199834.0	4	0.0	0.365	0.369	0.369	1	0:00:28.791159
480	8	143937.0	8	0.0	0.151	0.0742	0.0687	1	0:00:24.694081
481	6	200000.0	6	0.0	0.436	0.475	0.478	1	0:00:28.832940
482	8	200000.0	8	0.0	0.436	0.475	0.478	1	0:00:28.752735
483	5	0	3	0.0	0.0	0.0	0.0	0	0:00:00.021194
484	5	199983.0	5	0.0	0.414	0.429	0.43	1	0:00:28.768753
485	9	0	8	0.0	0.0	0.0	0.0	0	0:00:00.021290
486	9	200000.0	9	0.0	0.436	0.475	0.478	1	0:00:28.746941
487	9	199998.0	9	0.0	0.432	0.461	0.463	1	0:00:28.774586
488	5	0	4	0.0	0.0	0.0	0.0	0	0:00:00.021472
489	0	159998.0	0	0.0	0.181	0.106	0.0998	1	0:00:24.450344
490	1	200000.0	1	0.0	0.436	0.475	0.478	1	0:00:28.881609
491	0	0	7	0.0	0.0	0.0	0.0	0	0:00:00.021361
492	8	194885.0	8	0.0	0.232	0.232	0.232	1	0:00:18.949195
493	1	200000.0	1	0.0	0.436	0.475	0.478	1	0:00:29.406821
494	1	195350.0	1	0.0	0.236	0.236	0.237	1	0:00:28.749554
495	8	200000.0	8	0.0	0.436	0.475	0.478	1	0:00:28.741944
496	0	199907.0	0	0.0	0.381	0.386	0.387	1	0:00:28.732914
497	2	0	5	0.0	0.0	0.0	0.0	0	0:00:00.021356
498	2	200000.0	2	0.0	0.436	0.475	0.478	1	0:00:28.710671
499	0	193439.0	0	0.0	0.3	0.221	0.219	1	0:00:25.674806
500	4	0	6	0.0	0.0	0.0	0.0	0	0:00:00.021418
501	6	199970.0	6	0.0	0.406	0.416	0.417	1	0:00:28.717679
502	5	0	3	0.0	0.0	0.0	0.0	0	0:00:00.021224
503	4	199910.0	4	0.0	0.382	0.387	0.388	1	0:00:28.738418
504	9	199999.0	9	0.0	0.434	0.467	0.469	1	0:00:28.728035
505	4	200000.0	4	0.0	0.436	0.475	0.478	1	0:00:28.754594
506	7	199998.0	7	0.0	0.432	0.461	0.463	1	0:00:28.730707
507	9	200000.0	9	0.0	0.436	0.475	0.478	1	0:00:28.739141
508	9	196234.0	9	0.0	0.247	0.247	0.247	1	0:00:28.714332
509	4	195905.0	4	0.0	0.243	0.243	0.243	1	0:00:28.720203
510	5	200000.0	5	0.0	0.436	0.475	0.478	1	0:00:28.766883
511	6	200000.0	6	0.0	0.436	0.475	0.478	1	0:00:28.764464
512	6	200000.0	6	0.0	0.436	0.475	0.478	1	0:00:28.748283
513	1	187340.0	1	0.0	0.264	0.185	0.182	1	0:00:25.864170
514	5	200000.0	5	0.0	0.436	0.475	0.478	1	0:00:29.098432
515	3	198352.0	3	0.0	0.284	0.284	0.284	1	0:00:29.037725
516	8	200000.0	8	0.0	0.436	0.475	0.478	1	0:00:28.930595
517	9	200000.0	9	0.0	0.436	0.475	0.478	1	0:00:28.961550
518	5	0	3	0.0	0.0	0.0	0.0	0	0:00:00.021267
519	8	199928.0	8	0.0	0.387	0.393	0.394	1	0:00:28.871609
520	5	198960.0	5	0.0	0.303	0.303	0.304	1	0:00:28.912299
521	7	200000.0	7	0.0	0.436	0.475	0.478	1	0:00:29.038638
522	0	199846.0	0	0.0	0.368	0.371	0.371	1	0:00:28.933918
523	7	200000.0	7	0.0	0.436	0.475	0.478	1	0:00:28.880694
524	0	198387.0	0	0.0	0.285	0.285	0.285	1	0:00:28.842451
525	5	167988.0	5	0.0	0.202	0.123	0.118	1	0:00:25.025146
526	0	113723.0	0	0.0	0.0731	0.0237	0.0197	1	0:00:24.741433
527	0	199679.0	0	0.0	0.345	0.347	0.347	1	0:00:29.198102
528	4	181270.0	4	0.0	0.24	0.161	0.157	1	0:00:25.429226
529	6	200000.0	6	0.0	0.436	0.475	0.478	1	0:00:28.742376
530	9	200000.0	9	0.0	0.436	0.475	0.478	1	0:00:28.722031
531	0	0	3	0.0	0.0	0.0	0.0	0	0:00:00.021328
532	9	132425.0	9	0.0	0.125	0.0542	0.0491	1	0:00:24.216455
533	5	200000.0	5	0.0	0.436	0.475	0.478	1	0:00:28.757164
534	6	200000.0	6	0.0	0.436	0.475	0.478	1	0:00:28.716334
535	6	199999.0	6	0.0	0.434	0.467	0.469	1	0:00:28.746688
536	6	200000.0	6	0.0	0.436	0.475	0.478	1	0:00:28.721317
537	2	154805.0	2	0.0	0.164	0.0977	0.0891	1	0:00:24.158369
538	9	195343.0	9	0.0	0.334	0.237	0.237	1	0:00:19.950033
539	0	199904.0	0	0.0	0.38	0.385	0.386	1	0:00:29.264080
540	1	200000.0	1	0.0	0.436	0.475	0.478	1	0:00:28.777374
541	7	200000.0	7	0.0	0.436	0.475	0.478	1	0:00:28.732033
542	6	200000.0	6	0.0	0.436	0.475	0.478	1	0:00:28.735333
543	7	200000.0	7	0.0	0.436	0.475	0.478	1	0:00:28.718276
544	5	200000.0	5	0.0	0.436	0.475	0.478	1	0:00:28.737425
545	9	200000.0	9	0.0	0.436	0.475	0.478	1	0:00:28.719053
546	1	199966.0	1	0.0	0.403	0.413	0.414	1	0:00:28.755040
547	6	190677.0	6	0.0	0.298	0.201	0.2	1	0:00:26.313728
548	2	0	5	0.0	0.0	0.0	0.0	0	0:00:00.021533
549	5	0	3	0.0	0.0	0.0	0.0	0	0:00:00.020617
550	5	0	7	0.0	0.0	0.0	0.0	0	0:00:00.020559
551	5	0	3	0.0	0.0	0.0	0.0	0	0:00:00.020581
552	8	199977.0	8	0.0	0.41	0.422	0.423	1	0:00:28.779767
553	5	145289.0	5	0.0	0.138	0.0833	0.0711	1	0:00:23.793076
554	9	200000.0	9	0.0	0.436	0.475	0.478	1	0:00:28.799260
555	4	192478.0	4	0.0	0.282	0.216	0.212	1	0:00:25.644177
556	6	198817.0	6	0.0	0.297	0.298	0.298	1	0:00:28.798045
557	4	200000.0	4	0.0	0.436	0.475	0.478	1	0:00:28.799585
558	3	199909.0	3	0.0	0.382	0.387	0.387	1	0:00:28.826736
559	2	199992.0	2	0.0	0.423	0.443	0.445	1	0:00:28.802560
560	0	200000.0	0	0.0	0.436	0.475	0.478	1	0:00:28.838949
561	7	199992.0	7	0.0	0.423	0.443	0.445	1	0:00:28.815118
562	6	129999.0	6	0.0	0.121	0.0498	0.0452	1	0:00:24.280315
563	2	0	4	0.0	0.0	0.0	0.0	0	0:00:00.021084
564	2	195384.0	2	0.0	0.237	0.237	0.237	1	0:00:19.028885
565	3	0	5	0.0	0.0	0.0	0.0	0	0:00:00.020725
566	9	200000.0	9	0.0	0.436	0.475	0.478	1	0:00:29.281268
567	7	0	3	0.0	0.0	0.0	0.0	0	0:00:00.021439
568	9	186704.0	9	0.0	0.258	0.183	0.179	1	0:00:25.692443
569	2	199982.0	2	0.0	0.414	0.428	0.429	1	0:00:28.675699
570	6	193449.0	6	0.0	0.298	0.222	0.219	1	0:00:25.603305
571	7	199992.0	7	0.0	0.423	0.443	0.445	1	0:00:28.659341
572	1	184333.0	1	0.0	0.249	0.173	0.168	1	0:00:25.427555
573	3	199872.0	3	0.0	0.373	0.377	0.377	1	0:00:28.647700
574	6	199838.0	6	0.0	0.366	0.369	0.37	1	0:00:28.661338
575	6	199782.0	6	0.0	0.357	0.36	0.36	1	0:00:28.651307
576	8	200000.0	8	0.0	0.436	0.475	0.478	1	0:00:28.659131
577	9	0	8	0.0	0.0	0.0	0.0	0	0:00:00.021277
578	7	200000.0	7	0.0	0.436	0.475	0.478	1	0:00:28.666287
579	5	195121.0	5	0.0	0.234	0.234	0.234	1	0:00:25.813363
580	4	199997.0	4	0.0	0.43	0.457	0.459	1	0:00:28.671912
581	0	196720.0	0	0.0	0.253	0.253	0.254	1	0:00:28.682229
582	8	199141.0	8	0.0	0.31	0.311	0.311	1	0:00:28.671239
583	4	199855.0	4	0.0	0.369	0.373	0.373	1	0:00:28.713927
584	0	200000.0	0	0.0	0.436	0.475	0.478	1	0:00:28.705013
585	9	200000.0	9	0.0	0.436	0.475	0.478	1	0:00:28.724872
586	3	156364.0	3	0.0	0.162	0.103	0.0922	1	0:00:24.087490
587	4	199454.0	4	0.0	0.327	0.328	0.328	1	0:00:28.762361
588	8	199991.0	8	0.0	0.422	0.441	0.442	1	0:00:28.777997
589	9	200000.0	9	0.0	0.436	0.475	0.478	1	0:00:28.764297
590	6	199300.0	6	0.0	0.318	0.319	0.319	1	0:00:28.744866
591	9	197307.0	9	0.0	0.262	0.263	0.263	1	0:00:28.771791
592	2	200000.0	2	0.0	0.436	0.475	0.478	1	0:00:28.759033
593	6	172679.0	6	0.0	0.201	0.139	0.13	1	0:00:24.814678
594	1	199999.0	1	0.0	0.434	0.467	0.469	1	0:00:28.871022
595	4	200000.0	4	0.0	0.436	0.475	0.478	1	0:00:28.777326
596	7	197558.0	7	0.0	0.267	0.267	0.267	1	0:00:28.721183
597	3	0	2	0.0	0.0	0.0	0.0	0	0:00:00.021436
598	5	0	2	0.0	0.0	0.0	0.0	0	0:00:00.020588
599	3	199727.0	3	0.0	0.35	0.352	0.353	1	0:00:28.765938
600	8	199902.0	8	0.0	0.38	0.385	0.385	1	0:00:28.731405
601	5	169730.0	5	0.0	0.211	0.127	0.122	1	0:00:24.896486
602	0	199985.0	0	0.0	0.416	0.431	0.433	1	0:00:28.758291
603	2	199633.0	2	0.0	0.341	0.342	0.343	1	0:00:28.766605
604	1	200000.0	1	0.0	0.436	0.475	0.478	1	0:00:28.758550
605	6	200000.0	6	0.0	0.436	0.475	0.478	1	0:00:28.748961
606	4	183116.0	4	0.0	0.251	0.167	0.164	1	0:00:25.748337
607	3	123887.0	3	0.0	0.103	0.0403	0.0354	1	0:00:24.241280
608	3	199998.0	3	0.0	0.432	0.461	0.463	1	0:00:29.070944
609	9	200000.0	9	0.0	0.436	0.475	0.478	1	0:00:28.786564
610	6	199999.0	6	0.0	0.434	0.467	0.469	1	0:00:28.758818
611	9	199999.0	9	0.0	0.434	0.467	0.469	1	0:00:28.758978
612	8	199971.0	8	0.0	0.406	0.417	0.418	1	0:00:28.764638
613	8	199980.0	8	0.0	0.412	0.425	0.426	1	0:00:28.759056
614	5	199988.0	5	0.0	0.419	0.436	0.437	1	0:00:28.723080
615	8	110004.0	8	0.0	0.0611	0.0167	0.014	1	0:00:24.369338
616	6	199905.0	6	0.0	0.381	0.386	0.386	1	0:00:28.794127
617	6	197445.0	6	0.0	0.265	0.265	0.265	1	0:00:28.749766
618	2	198126.0	2	0.0	0.278	0.279	0.279	1	0:00:28.741768
619	1	200000.0	1	0.0	0.436	0.475	0.478	1	0:00:28.820377
620	7	199999.0	7	0.0	0.434	0.467	0.469	1	0:00:28.814775
621	7	199770.0	7	0.0	0.356	0.358	0.359	1	0:00:28.797536
622	1	200000.0	1	0.0	0.436	0.475	0.478	1	0:00:28.771183
623	2	200000.0	2	0.0	0.436	0.475	0.478	1	0:00:28.790981
624	7	199986.0	7	0.0	0.417	0.433	0.434	1	0:00:28.808261
625	9	199886.0	9	0.0	0.376	0.38	0.381	1	0:00:28.798083
626	9	198559.0	9	0.0	0.289	0.29	0.29	1	0:00:28.738683
627	4	195753.0	4	0.0	0.241	0.241	0.241	1	0:00:28.762795
628	4	199990.0	4	0.0	0.421	0.439	0.441	1	0:00:28.755927
629	1	178796.0	1	0.0	0.225	0.154	0.148	1	0:00:25.216867
630	2	96900.0	-1	0.0	0.0	0.0	0.0	0	0:00:18.338396
631	5	195961.0	5	0.0	0.243	0.243	0.244	1	0:00:29.362109
632	6	199988.0	6	0.0	0.419	0.436	0.437	1	0:00:28.718768
633	8	0	0	0.0	0.0	0.0	0.0	0	0:00:00.021214
634	7	193078.0	7	0.0	0.295	0.219	0.216	1	0:00:25.562699
635	6	197536.0	6	0.0	0.266	0.267	0.267	1	0:00:28.647613
636	8	199984.0	8	0.0	0.415	0.43	0.431	1	0:00:28.631882
637	3	72194.0	-1	0.0	0.0	0.0	0.0	0	0:00:18.184689
638	0	147810.0	0	0.0	0.156	0.082	0.0757	1	0:00:24.753103
639	5	171215.0	5	0.0	0.2	0.134	0.126	1	0:00:24.707461
640	5	0	3	0.0	0.0	0.0	0.0	0	0:00:00.021000
641	3	172662.0	3	0.0	0.199	0.139	0.13	1	0:00:24.670229
642	0	199972.0	0	0.0	0.407	0.418	0.419	1	0:00:28.726105
643	7	200000.0	7	0.0	0.436	0.475	0.478	1	0:00:28.684788
644	9	200000.0	9	0.0	0.436	0.475	0.478	1	0:00:28.706476
645	1	199716.0	1	0.0	0.349	0.351	0.351	1	0:00:28.714262
646	3	193469.0	3	0.0	0.297	0.222	0.219	1	0:00:25.614319
647	4	0	2	0.0	0.0	0.0	0.0	0	0:00:00.021111
648	4	198831.0	4	0.0	0.298	0.299	0.299	1	0:00:28.700938
649	5	200000.0	5	0.0	0.436	0.475	0.478	1	0:00:28.714993
650	3	199998.0	3	0.0	0.432	0.461	0.463	1	0:00:28.704182
651	9	199994.0	9	0.0	0.426	0.448	0.449	1	0:00:28.714843
652	5	195926.0	5	0.0	0.243	0.243	0.243	1	0:00:28.718934
653	6	200000.0	6	0.0	0.436	0.475	0.478	1	0:00:28.743130
654	9	200000.0	9	0.0	0.436	0.475	0.478	1	0:00:28.738203
655	2	187017.0	2	0.0	0.262	0.184	0.18	1	0:00:25.740151
656	1	200000.0	1	0.0	0.436	0.475	0.478	1	0:00:28.764009
657	1	199571.0	1	0.0	0.335	0.337	0.337	1	0:00:28.732310
658	4	190812.0	4	0.0	0.251	0.211	0.2	1	0:00:25.056850
659	1	199990.0	1	0.0	0.421	0.439	0.441	1	0:00:28.852867
660	9	199095.0	9	0.0	0.308	0.309	0.309	1	0:00:28.737932
661	4	132505.0	4	0.0	0.122	0.0556	0.0492	1	0:00:24.158668
662	7	200000.0	7	0.0	0.436	0.475	0.478	1	0:00:28.764222
663	6	198996.0	6	0.0	0.304	0.305	0.305	1	0:00:28.718957
664	3	199970.0	3	0.0	0.406	0.416	0.417	1	0:00:28.742973
665	8	0	0	0.0	0.0	0.0	0.0	0	0:00:00.021292
666	9	199998.0	9	0.0	0.432	0.461	0.463	1	0:00:28.747396
667	0	200000.0	0	0.0	0.436	0.475	0.478	1	0:00:28.752637
668	1	198929.0	1	0.0	0.301	0.302	0.302	1	0:00:28.758930
669	3	0	5	0.0	0.0	0.0	0.0	0	0:00:00.021200
670	6	200000.0	6	0.0	0.436	0.475	0.478	1	0:00:28.756710
671	3	0	7	0.0	0.0	0.0	0.0	0	0:00:00.021289
672	6	0	8	0.0	0.0	0.0	0.0	0	0:00:00.020690
673	3	200000.0	3	0.0	0.436	0.475	0.478	1	0:00:28.778676
674	2	91891.0	-1	0.0	0.0	0.0	0.0	0	0:00:18.318334
675	0	199144.0	0	0.0	0.31	0.311	0.311	1	0:00:29.370170
676	3	0	4	0.0	0.0	0.0	0.0	0	0:00:00.021198
677	1	102465.0	1	0.0	0.00259	0.00343	0.00267	1	0:00:25.488459
678	0	0	5	0.0	0.0	0.0	0.0	0	0:00:00.021163
679	5	199960.0	5	0.0	0.4	0.409	0.41	1	0:00:28.761253
680	9	180935.0	9	0.0	0.224	0.163	0.156	1	0:00:25.132576
681	6	200000.0	6	0.0	0.436	0.475	0.478	1	0:00:28.711887
682	4	171385.0	4	0.0	0.195	0.136	0.127	1	0:00:24.645538
683	8	197632.0	8	0.0	0.268	0.268	0.269	1	0:00:28.701383
684	9	199937.0	9	0.0	0.391	0.397	0.398	1	0:00:28.732638
685	6	0	2	0.0	0.0	0.0	0.0	0	0:00:00.021406
686	9	196005.0	9	0.0	0.244	0.244	0.244	1	0:00:28.709289
687	6	0	3	0.0	0.0	0.0	0.0	0	0:00:00.021202
688	3	0	6	0.0	0.0	0.0	0.0	0	0:00:00.020627
689	0	0	6	0.0	0.0	0.0	0.0	0	0:00:00.020563
690	3	101895.0	3	0.0	0.00173	0.00234	0.00181	1	0:00:25.439878
691	2	200000.0	2	0.0	0.436	0.475	0.478	1	0:00:28.733177
692	2	199994.0	2	0.0	0.426	0.448	0.449	1	0:00:28.742323
693	7	200000.0	7	0.0	0.436	0.475	0.478	1	0:00:28.698457
694	8	200000.0	8	0.0	0.436	0.475	0.478	1	0:00:28.744923
695	3	199847.0	3	0.0	0.368	0.371	0.372	1	0:00:28.710789
696	8	181279.0	8	0.0	0.242	0.161	0.157	1	0:00:25.385300
697	2	154519.0	2	0.0	0.16	0.0984	0.0885	1	0:00:24.129893
698	7	199889.0	7	0.0	0.377	0.381	0.382	1	0:00:28.785351
699	5	199582.0	5	0.0	0.336	0.338	0.338	1	0:00:28.706228
700	7	200000.0	7	0.0	0.436	0.475	0.478	1	0:00:28.759540
701	2	199975.0	2	0.0	0.409	0.42	0.421	1	0:00:28.851360
702	4	199993.0	4	0.0	0.424	0.445	0.447	1	0:00:29.030072
703	8	109089.0	8	0.0	0.0575	0.0154	0.0127	1	0:00:24.664779
704	7	188883.0	7	0.0	0.267	0.194	0.189	1	0:00:25.509038
705	4	199800.0	4	0.0	0.36	0.363	0.363	1	0:00:28.919983
706	2	199982.0	2	0.0	0.414	0.428	0.429	1	0:00:28.758688
707	9	161335.0	9	0.0	0.191	0.107	0.103	1	0:00:24.701267
708	8	0	0	0.0	0.0	0.0	0.0	0	0:00:00.021175
709	8	200000.0	8	0.0	0.436	0.475	0.478	1	0:00:28.769293
710	6	179644.0	6	0.0	0.236	0.155	0.151	1	0:00:25.340769
711	8	197853.0	8	0.0	0.272	0.273	0.273	1	0:00:28.739012
712	8	200000.0	8	0.0	0.436	0.475	0.478	1	0:00:28.730828
713	7	162346.0	7	0.0	0.178	0.114	0.105	1	0:00:24.324652
714	4	197031.0	4	0.0	0.258	0.258	0.258	1	0:00:28.818846
715	3	185950.0	3	0.0	0.252	0.18	0.175	1	0:00:25.804618
716	3	199920.0	3	0.0	0.385	0.39	0.391	1	0:00:28.785906
717	8	193212.0	8	0.0	0.299	0.22	0.217	1	0:00:25.690507
718	4	199743.0	4	0.0	0.352	0.354	0.355	1	0:00:28.764697
719	9	193902.0	9	0.0	0.313	0.224	0.223	1	0:00:25.551681
720	4	197642.0	4	0.0	0.268	0.269	0.269	1	0:00:28.703831
721	8	200000.0	8	0.0	0.436	0.475	0.478	1	0:00:28.725041
722	8	199999.0	8	0.0	0.434	0.467	0.469	1	0:00:28.715172
723	1	200000.0	1	0.0	0.436	0.475	0.478	1	0:00:28.731068
724	8	199748.0	8	0.0	0.353	0.355	0.356	1	0:00:28.720790
725	2	0	9	0.0	0.0	0.0	0.0	0	0:00:00.021218
726	1	200000.0	1	0.0	0.436	0.475	0.478	1	0:00:28.739686
727	3	0	2	0.0	0.0	0.0	0.0	0	0:00:00.021169
728	6	193919.0	6	0.0	0.303	0.225	0.223	1	0:00:25.748288
729	5	199990.0	5	0.0	0.421	0.439	0.441	1	0:00:28.766756
730	4	124419.0	4	0.0	0.104	0.0413	0.0363	1	0:00:24.164278
731	2	0	0	0.0	0.0	0.0	0.0	0	0:00:00.021060
732	7	200000.0	7	0.0	0.436	0.475	0.478	1	0:00:28.807206
733	9	199114.0	9	0.0	0.309	0.31	0.31	1	0:00:28.740955
734	9	0	1	0.0	0.0	0.0	0.0	0	0:00:00.021398
735	4	101688.0	4	0.0	0.00142	0.00178	0.0015	1	0:00:25.670412
736	1	198589.0	1	0.0	0.29	0.291	0.291	1	0:00:28.912022
737	4	200000.0	4	0.0	0.436	0.475	0.478	1	0:00:28.776194
738	1	200000.0	1	0.0	0.436	0.475	0.478	1	0:00:28.752746
739	3	0	5	0.0	0.0	0.0	0.0	0	0:00:00.021156
740	2	197193.0	2	0.0	0.26	0.261	0.261	1	0:00:28.745867
741	7	199979.0	7	0.0	0.411	0.424	0.425	1	0:00:28.765670
742	0	200000.0	0	0.0	0.436	0.475	0.478	1	0:00:28.754862
743	7	200000.0	7	0.0	0.436	0.475	0.478	1	0:00:28.754271
744	9	148459.0	9	0.0	0.152	0.0852	0.0769	1	0:00:24.621991
745	7	199999.0	7	0.0	0.434	0.467	0.469	1	0:00:28.940325
746	6	198265.0	6	0.0	0.282	0.282	0.282	1	0:00:28.764658
747	6	199999.0	6	0.0	0.434	0.467	0.469	1	0:00:28.782629
748	2	200000.0	2	0.0	0.436	0.475	0.478	1	0:00:28.794867
749	5	0	3	0.0	0.0	0.0	0.0	0	0:00:00.021194
750	9	199998.0	9	0.0	0.432	0.461	0.463	1	0:00:28.820626
751	2	0	0	0.0	0.0	0.0	0.0	0	0:00:00.021183
752	9	199747.0	9	0.0	0.353	0.355	0.355	1	0:00:28.786924
753	1	198606.0	1	0.0	0.291	0.291	0.292	1	0:00:28.743365
754	2	199891.0	2	0.0	0.377	0.381	0.382	1	0:00:28.757297
755	2	0	4	0.0	0.0	0.0	0.0	0	0:00:00.021328
756	6	199756.0	6	0.0	0.354	0.356	0.357	1	0:00:28.768989
757	8	200000.0	8	0.0	0.436	0.475	0.478	1	0:00:28.783559
758	2	196390.0	2	0.0	0.249	0.249	0.249	1	0:00:28.760341
759	1	199917.0	1	0.0	0.384	0.389	0.39	1	0:00:28.796069
760	3	198722.0	3	0.0	0.294	0.295	0.295	1	0:00:28.760689
761	6	0	2	0.0	0.0	0.0	0.0	0	0:00:00.021270
762	6	198162.0	6	0.0	0.279	0.28	0.28	1	0:00:28.763269
763	0	199996.0	0	0.0	0.428	0.454	0.455	1	0:00:28.768413
764	1	200000.0	1	0.0	0.436	0.475	0.478	1	0:00:28.769182
765	2	200000.0	2	0.0	0.436	0.475	0.478	1	0:00:28.723856
766	7	115219.0	7	0.0	0.0832	0.0247	0.022	1	0:00:24.353793
767	0	157105.0	0	0.0	0.182	0.0983	0.0938	1	0:00:24.621529
768	5	0	3	0.0	0.0	0.0	0.0	0	0:00:00.021126
769	4	199998.0	4	0.0	0.432	0.461	0.463	1	0:00:28.825226
770	6	183895.0	6	0.0	0.249	0.171	0.167	1	0:00:25.571842
771	1	0	9	0.0	0.0	0.0	0.0	0	0:00:00.021090
772	6	200000.0	6	0.0	0.436	0.475	0.478	1	0:00:28.934559
773	4	137594.0	4	0.0	0.124	0.069	0.0577	1	0:00:24.191420
774	0	182685.0	0	0.0	0.251	0.165	0.162	1	0:00:25.616744
775	2	0	5	0.0	0.0	0.0	0.0	0	0:00:00.021223
776	2	0	5	0.0	0.0	0.0	0.0	0	0:00:00.020702
777	6	200000.0	6	0.0	0.436	0.475	0.478	1	0:00:28.766765
778	0	199818.0	0	0.0	0.363	0.366	0.366	1	0:00:28.736583
779	5	0	6	0.0	0.0	0.0	0.0	0	0:00:00.021436
780	9	200000.0	9	0.0	0.436	0.475	0.478	1	0:00:28.750131
781	1	200000.0	1	0.0	0.436	0.475	0.478	1	0:00:28.753672
782	7	199380.0	7	0.0	0.322	0.323	0.324	1	0:00:28.712195
783	6	199852.0	6	0.0	0.369	0.372	0.373	1	0:00:28.786405
784	7	199444.0	7	0.0	0.326	0.327	0.328	1	0:00:28.736101
785	0	196680.0	0	0.0	0.253	0.253	0.253	1	0:00:28.766069
786	3	199997.0	3	0.0	0.43	0.457	0.459	1	0:00:28.791337
787	9	199977.0	9	0.0	0.41	0.422	0.423	1	0:00:28.804643
788	6	106975.0	6	0.0	0.0468	0.0117	0.00946	1	0:00:24.684716
789	8	200000.0	8	0.0	0.436	0.475	0.478	1	0:00:28.942641
790	3	0	0	0.0	0.0	0.0	0.0	0	0:00:00.021225
791	0	200000.0	0	0.0	0.436	0.475	0.478	1	0:00:28.819222
792	3	119640.0	3	0.0	0.0853	0.0371	0.0288	1	0:00:23.915506
793	4	0	7	0.0	0.0	0.0	0.0	0	0:00:00.021224
794	7	197907.0	7	0.0	0.273	0.274	0.274	1	0:00:28.746536
795	7	199940.0	7	0.0	0.392	0.398	0.399	1	0:00:28.781438
796	1	164132.0	1	0.0	0.196	0.114	0.109	1	0:00:24.719556
797	4	0	5	0.0	0.0	0.0	0.0	0	0:00:00.021116
798	7	188266.0	7	0.0	0.267	0.19	0.186	1	0:00:25.273596
799	2	157474.0	2	0.0	0.165	0.105	0.0945	1	0:00:24.233530
800	7	200000.0	7	0.0	0.436	0.475	0.478	1	0:00:28.834382
801	1	200000.0	1	0.0	0.436	0.475	0.478	1	0:00:28.777745
802	4	0	2	0.0	0.0	0.0	0.0	0	0:00:00.021205
803	7	200000.0	7	0.0	0.436	0.475	0.478	1	0:00:28.757419
804	4	183234.0	4	0.0	0.244	0.169	0.164	1	0:00:25.392533
805	4	199707.0	4	0.0	0.348	0.35	0.35	1	0:00:28.741272
806	8	199960.0	8	0.0	0.4	0.409	0.41	1	0:00:28.744763
807	4	187684.0	4	0.0	0.252	0.189	0.183	1	0:00:24.998330
808	7	199998.0	7	0.0	0.432	0.461	0.463	1	0:00:28.736945
809	7	173762.0	7	0.0	0.215	0.139	0.133	1	0:00:24.972344
810	5	151421.0	5	0.0	0.16	0.0898	0.0825	1	0:00:24.307914
811	3	0	5	0.0	0.0	0.0	0.0	0	0:00:00.021088
812	7	199776.0	7	0.0	0.356	0.359	0.359	1	0:00:29.213683
813	2	175002.0	2	0.0	0.22	0.142	0.137	1	0:00:25.192800
814	0	167505.0	0	0.0	0.194	0.124	0.117	1	0:00:24.714325
815	8	200000.0	8	0.0	0.436	0.475	0.478	1	0:00:28.819168
816	9	199661.0	9	0.0	0.343	0.345	0.345	1	0:00:28.785551
817	5	0	3	0.0	0.0	0.0	0.0	0	0:00:00.021382
818	8	0	9	0.0	0.0	0.0	0.0	0	0:00:00.020598
819	3	0	4	0.0	0.0	0.0	0.0	0	0:00:00.020583
820	6	0	2	0.0	0.0	0.0	0.0	0	0:00:00.020551
821	2	169192.0	2	0.0	0.205	0.126	0.121	1	0:00:24.828096
822	0	196048.0	0	0.0	0.244	0.244	0.245	1	0:00:28.766941
823	8	200000.0	8	0.0	0.436	0.475	0.478	1	0:00:28.754281
824	7	200000.0	7	0.0	0.436	0.475	0.478	1	0:00:28.781257
825	3	117472.0	3	0.0	0.0899	0.0284	0.0254	1	0:00:24.624186
826	7	198895.0	7	0.0	0.3	0.301	0.301	1	0:00:28.975393
827	6	200000.0	6	0.0	0.436	0.475	0.478	1	0:00:28.792094
828	5	199469.0	5	0.0	0.328	0.329	0.329	1	0:00:28.745877
829	3	178577.0	3	0.0	0.235	0.152	0.148	1	0:00:25.366310
830	1	200000.0	1	0.0	0.436	0.475	0.478	1	0:00:28.817039
831	3	168656.0	3	0.0	0.187	0.131	0.12	1	0:00:24.547134
832	2	200000.0	2	0.0	0.436	0.475	0.478	1	0:00:28.793023
833	2	199999.0	2	0.0	0.434	0.467	0.469	1	0:00:28.747559
834	5	199923.0	5	0.0	0.386	0.392	0.392	1	0:00:28.750823
835	4	0	3	0.0	0.0	0.0	0.0	0	0:00:00.021252
836	1	0	9	0.0	0.0	0.0	0.0	0	0:00:00.020605
837	2	180366.0	2	0.0	0.241	0.157	0.154	1	0:00:25.420406
838	9	199930.0	9	0.0	0.388	0.394	0.395	1	0:00:28.811924
839	2	200000.0	2	0.0	0.436	0.475	0.478	1	0:00:28.775639
840	7	200000.0	7	0.0	0.436	0.475	0.478	1	0:00:28.792823
841	0	191439.0	0	0.0	0.302	0.206	0.204	1	0:00:26.455882
842	7	200000.0	7	0.0	0.436	0.475	0.478	1	0:00:28.896136
843	2	196637.0	2	0.0	0.252	0.252	0.252	1	0:00:28.873490
844	1	199999.0	1	0.0	0.434	0.467	0.469	1	0:00:28.793679
845	3	0	2	0.0	0.0	0.0	0.0	0	0:00:00.021153
846	2	199212.0	2	0.0	0.313	0.314	0.314	1	0:00:28.733973
847	0	200000.0	0	0.0	0.436	0.475	0.478	1	0:00:28.766827
848	2	198330.0	2	0.0	0.283	0.284	0.284	1	0:00:28.722071
849	4	183878.0	4	0.0	0.251	0.17	0.167	1	0:00:25.697080
850	7	0	3	0.0	0.0	0.0	0.0	0	0:00:00.021202
851	9	199998.0	9	0.0	0.432	0.461	0.463	1	0:00:28.819334
852	8	199948.0	8	0.0	0.395	0.402	0.403	1	0:00:28.806654
853	9	0	1	0.0	0.0	0.0	0.0	0	0:00:00.021284
854	0	199854.0	0	0.0	0.369	0.373	0.373	1	0:00:28.804735
855	7	200000.0	7	0.0	0.436	0.475	0.478	1	0:00:28.798760
856	7	199258.0	7	0.0	0.316	0.316	0.317	1	0:00:28.806916
857	0	190039.0	0	0.0	0.27	0.2	0.196	1	0:00:25.378571
858	7	200000.0	7	0.0	0.436	0.475	0.478	1	0:00:28.852719
859	8	195230.0	8	0.0	0.323	0.237	0.235	1	0:00:25.328197
860	4	195025.0	4	0.0	0.358	0.233	0.233	1	0:00:20.367303
861	6	200000.0	6	0.0	0.436	0.475	0.478	1	0:00:29.506308
862	3	0	6	0.0	0.0	0.0	0.0	0	0:00:00.021395
863	3	199999.0	3	0.0	0.434	0.467	0.469	1	0:00:28.766789
864	0	200000.0	0	0.0	0.436	0.475	0.478	1	0:00:28.718195
865	1	199975.0	1	0.0	0.409	0.42	0.421	1	0:00:28.693610
866	3	0	5	0.0	0.0	0.0	0.0	0	0:00:00.021373
867	7	197726.0	7	0.0	0.27	0.27	0.27	1	0:00:28.650592
868	0	200000.0	0	0.0	0.436	0.475	0.478	1	0:00:28.675082
869	1	197108.0	1	0.0	0.259	0.259	0.259	1	0:00:28.669529
870	3	152155.0	3	0.0	0.148	0.0988	0.0839	1	0:00:23.876997
871	1	200000.0	1	0.0	0.436	0.475	0.478	1	0:00:28.719767
872	4	200000.0	4	0.0	0.436	0.475	0.478	1	0:00:28.693042
873	2	199925.0	2	0.0	0.386	0.392	0.393	1	0:00:28.718960
874	3	200000.0	3	0.0	0.436	0.475	0.478	1	0:00:28.698181
875	8	200000.0	8	0.0	0.436	0.475	0.478	1	0:00:28.720932
876	4	200000.0	4	0.0	0.436	0.475	0.478	1	0:00:28.696258
877	2	189491.0	2	0.0	0.276	0.196	0.193	1	0:00:25.335717
878	3	0	4	0.0	0.0	0.0	0.0	0	0:00:00.021136
879	7	200000.0	7	0.0	0.436	0.475	0.478	1	0:00:28.741506
880	8	200000.0	8	0.0	0.436	0.475	0.478	1	0:00:28.745535
881	4	192405.0	4	0.0	0.294	0.214	0.211	1	0:00:25.679240
882	3	0	0	0.0	0.0	0.0	0.0	0	0:00:00.020957
883	0	0	8	0.0	0.0	0.0	0.0	0	0:00:00.020581
884	9	199811.0	9	0.0	0.362	0.364	0.365	1	0:00:28.779176
885	0	199999.0	0	0.0	0.434	0.467	0.469	1	0:00:28.749116
886	0	162604.0	0	0.0	0.191	0.111	0.105	1	0:00:24.651534
887	1	199264.0	1	0.0	0.316	0.317	0.317	1	0:00:28.796514
888	0	0	8	0.0	0.0	0.0	0.0	0	0:00:00.021496
889	4	0	6	0.0	0.0	0.0	0.0	0	0:00:00.020539
890	4	183381.0	4	0.0	0.243	0.17	0.165	1	0:00:25.508692
891	6	199994.0	6	0.0	0.426	0.448	0.449	1	0:00:28.932694
892	7	0	5	0.0	0.0	0.0	0.0	0	0:00:00.021439
893	6	0	7	0.0	0.0	0.0	0.0	0	0:00:00.020582
894	1	200000.0	1	0.0	0.436	0.475	0.478	1	0:00:28.788230
895	1	200000.0	1	0.0	0.436	0.475	0.478	1	0:00:28.759218
896	3	200000.0	3	0.0	0.436	0.475	0.478	1	0:00:28.784666
897	7	175631.0	7	0.0	0.221	0.144	0.139	1	0:00:25.136923
898	3	69950.0	-1	0.0	0.0	0.0	0.0	0	0:00:18.450649
899	5	198960.0	5	0.0	0.303	0.303	0.304	1	0:00:29.684090
900	2	83290.0	-1	0.0	0.0	0.0	0.0	0	0:00:18.322113
901	6	199942.0	6	0.0	0.392	0.399	0.4	1	0:00:28.830515
902	6	200000.0	6	0.0	0.436	0.475	0.478	1	0:00:28.714611
903	5	200000.0	5	0.0	0.436	0.475	0.478	1	0:00:28.699620
904	8	0	0	0.0	0.0	0.0	0.0	0	0:00:00.021272
905	7	199529.0	7	0.0	0.332	0.333	0.334	1	0:00:28.690125
906	1	200000.0	1	0.0	0.436	0.475	0.478	1	0:00:28.680923
907	6	199985.0	6	0.0	0.416	0.431	0.433	1	0:00:28.681665
908	8	199900.0	8	0.0	0.379	0.384	0.385	1	0:00:28.702466
909	8	200000.0	8	0.0	0.436	0.475	0.478	1	0:00:28.706584
910	5	163392.0	5	0.0	0.185	0.115	0.107	1	0:00:24.573068
911	3	200000.0	3	0.0	0.436	0.475	0.478	1	0:00:28.741077
912	0	0	2	0.0	0.0	0.0	0.0	0	0:00:00.021194
913	4	200000.0	4	0.0	0.436	0.475	0.478	1	0:00:28.741944
914	0	199901.0	0	0.0	0.38	0.384	0.385	1	0:00:28.751345
915	1	200000.0	1	0.0	0.436	0.475	0.478	1	0:00:28.773826
916	3	0	2	0.0	0.0	0.0	0.0	0	0:00:00.021224
917	8	200000.0	8	0.0	0.436	0.475	0.478	1	0:00:28.947873
918	8	200000.0	8	0.0	0.436	0.475	0.478	1	0:00:29.059929
919	0	197236.0	0	0.0	0.261	0.261	0.262	1	0:00:29.023592
920	6	197387.0	6	0.0	0.264	0.264	0.264	1	0:00:28.866562
921	9	200000.0	9	0.0	0.436	0.475	0.478	1	0:00:28.791800
922	9	197474.0	9	0.0	0.265	0.265	0.266	1	0:00:28.724728
923	9	159356.0	9	0.0	0.183	0.104	0.0984	1	0:00:24.631603
924	5	0	0	0.0	0.0	0.0	0.0	0	0:00:00.021102
925	5	0	3	0.0	0.0	0.0	0.0	0	0:00:00.020580
926	8	200000.0	8	0.0	0.436	0.475	0.478	1	0:00:28.817432
927	6	190509.0	6	0.0	0.283	0.201	0.199	1	0:00:25.567471
928	0	199977.0	0	0.0	0.41	0.422	0.423	1	0:00:28.767212
929	0	129330.0	0	0.0	0.117	0.0495	0.0441	1	0:00:24.137565
930	4	199954.0	4	0.0	0.397	0.405	0.406	1	0:00:28.767325
931	2	198589.0	2	0.0	0.29	0.291	0.291	1	0:00:28.755560
932	3	199523.0	3	0.0	0.332	0.333	0.333	1	0:00:28.736453
933	2	0	3	0.0	0.0	0.0	0.0	0	0:00:00.021210
934	7	200000.0	7	0.0	0.436	0.475	0.478	1	0:00:28.799842
935	2	200000.0	2	0.0	0.436	0.475	0.478	1	0:00:28.810747
936	2	200000.0	2	0.0	0.436	0.475	0.478	1	0:00:28.809828
937	5	200000.0	5	0.0	0.436	0.475	0.478	1	0:00:28.787225
938	9	150229.0	9	0.0	0.162	0.0862	0.0802	1	0:00:24.850837
939	8	199997.0	8	0.0	0.43	0.457	0.459	1	0:00:28.939108
940	9	200000.0	9	0.0	0.436	0.475	0.478	1	0:00:28.815811
941	1	181610.0	1	0.0	0.227	0.166	0.158	1	0:00:25.214000
942	7	199800.0	7	0.0	0.36	0.363	0.363	1	0:00:28.799301
943	4	188666.0	4	0.0	0.273	0.191	0.188	1	0:00:25.348926
944	0	199982.0	0	0.0	0.414	0.428	0.429	1	0:00:28.801349
945	3	199998.0	3	0.0	0.432	0.461	0.463	1	0:00:28.802058
946	0	200000.0	0	0.0	0.436	0.475	0.478	1	0:00:28.828611
947	1	193958.0	1	0.0	0.223	0.223	0.223	1	0:00:28.791636
948	3	0	4	0.0	0.0	0.0	0.0	0	0:00:00.021243
949	8	200000.0	8	0.0	0.436	0.475	0.478	1	0:00:28.831166
950	3	187075.0	3	0.0	0.244	0.188	0.18	1	0:00:24.827312
951	9	200000.0	9	0.0	0.436	0.475	0.478	1	0:00:28.994880
952	6	199940.0	6	0.0	0.392	0.398	0.399	1	0:00:28.811783
953	1	198640.0	1	0.0	0.292	0.292	0.293	1	0:00:28.770187
954	4	199709.0	4	0.0	0.348	0.35	0.351	1	0:00:28.797458
955	7	199998.0	7	0.0	0.432	0.461	0.463	1	0:00:28.808031
956	0	0	2	0.0	0.0	0.0	0.0	0	0:00:00.021220
957	3	0	5	0.0	0.0	0.0	0.0	0	0:00:00.020589
958	7	200000.0	7	0.0	0.436	0.475	0.478	1	0:00:28.843278
959	8	200000.0	8	0.0	0.436	0.475	0.478	1	0:00:28.850026
960	9	199982.0	9	0.0	0.414	0.428	0.429	1	0:00:28.888198
961	1	199997.0	1	0.0	0.43	0.457	0.459	1	0:00:28.790236
962	1	199675.0	1	0.0	0.345	0.346	0.347	1	0:00:28.773165
963	6	199997.0	6	0.0	0.43	0.457	0.459	1	0:00:28.759862
964	6	0	3	0.0	0.0	0.0	0.0	0	0:00:00.021164
965	6	0	3	0.0	0.0	0.0	0.0	0	0:00:00.020565
966	6	131627.0	6	0.0	0.123	0.0529	0.0478	1	0:00:24.209102
967	9	170437.0	9	0.0	0.198	0.132	0.124	1	0:00:24.728820
968	1	200000.0	1	0.0	0.436	0.475	0.478	1	0:00:28.844979
969	9	200000.0	9	0.0	0.436	0.475	0.478	1	0:00:28.788473
970	9	199985.0	9	0.0	0.416	0.431	0.433	1	0:00:28.753051
971	4	199968.0	4	0.0	0.404	0.414	0.415	1	0:00:28.781185
972	2	0	6	0.0	0.0	0.0	0.0	0	0:00:00.021444
973	1	200000.0	1	0.0	0.436	0.475	0.478	1	0:00:28.760509
974	7	114647.0	7	0.0	0.0795	0.024	0.0211	1	0:00:24.408232
975	0	200000.0	0	0.0	0.436	0.475	0.478	1	0:00:28.941241
976	6	199172.0	6	0.0	0.311	0.312	0.313	1	0:00:28.761521
977	8	199971.0	8	0.0	0.406	0.417	0.418	1	0:00:28.745768
978	1	189995.0	1	0.0	0.275	0.199	0.196	1	0:00:25.290936
979	9	192932.0	9	0.0	0.312	0.216	0.215	1	0:00:25.548089
980	2	196202.0	2	0.0	0.246	0.246	0.247	1	0:00:28.751493
981	9	199879.0	9	0.0	0.374	0.378	0.379	1	0:00:28.746302
982	0	0	2	0.0	0.0	0.0	0.0	0	0:00:00.021388
983	4	199984.0	4	0.0	0.415	0.43	0.431	1	0:00:28.754551
984	7	200000.0	7	0.0	0.436	0.475	0.478	1	0:00:28.761305
985	8	200000.0	8	0.0	0.436	0.475	0.478	1	0:00:28.771867
986	3	197400.0	3	0.0	0.264	0.264	0.264	1	0:00:28.753197
987	1	200000.0	1	0.0	0.436	0.475	0.478	1	0:00:28.803146
988	2	192459.0	2	0.0	0.287	0.215	0.211	1	0:00:25.621471
989	0	182713.0	0	0.0	0.25	0.165	0.162	1	0:00:25.715182
990	1	200000.0	1	0.0	0.436	0.475	0.478	1	0:00:28.907087
991	5	0	3	0.0	0.0	0.0	0.0	0	0:00:00.021264
992	8	199997.0	8	0.0	0.43	0.457	0.459	1	0:00:28.744496
993	4	0	7	0.0	0.0	0.0	0.0	0	0:00:00.021218
994	6	119885.0	6	0.0	0.0918	0.034	0.0292	1	0:00:24.564464
995	3	127050.0	3	0.0	0.104	0.049	0.0404	1	0:00:24.128950
996	8	199905.0	8	0.0	0.381	0.386	0.386	1	0:00:28.759972
997	1	127946.0	1	0.0	0.121	0.045	0.0419	1	0:00:24.315017
998	3	200000.0	3	0.0	0.436	0.475	0.478	1	0:00:28.742300
999	8	200000.0	8	0.0	0.436	0.475	0.478	1	0:00:28.719069
