idx	label	count	predict	radiusR	radius_L1	radius_L2	radius_cohen	correct	time
100	2	1142731.0	2	1.63	1.92	1.43	1.36	1	0:17:42.080383
200	4	0	130	0.0	0.0	0.0	0.0	0	0:00:00.093154
300	6	932441.0	6	0.893	1.19	0.793	0.658	1	0:17:33.998414
400	8	741731.0	8	0.439	0.675	0.341	0.233	1	0:17:35.288168
500	10	1236468.0	10	2.29	2.28	2.29	2.29	1	0:17:21.436318
600	12	0	835	0.0	0.0	0.0	0.0	0	0:00:00.093118
700	14	1249607.0	14	3.37	3.31	3.37	3.38	1	0:17:22.958194
800	16	1100905.0	16	1.42	1.68	1.29	1.17	1	0:17:36.212130
900	18	0	99	0.0	0.0	0.0	0.0	0	0:00:00.093343
1000	20	1193634.0	20	1.85	2.19	1.75	1.69	1	0:17:38.460464
1100	22	0	21	0.0	0.0	0.0	0.0	0	0:00:00.093233
1200	24	1249993.0	24	4.15	3.68	4.15	4.16	1	0:17:22.457028
1300	26	791933.0	26	0.592	0.823	0.454	0.338	1	0:17:34.984632
1400	28	0	76	0.0	0.0	0.0	0.0	0	0:00:00.093211
1500	30	1199703.0	30	1.89	2.23	1.81	1.74	1	0:17:38.019147
1600	32	0	103	0.0	0.0	0.0	0.0	0	0:00:00.092350
1700	34	0	76	0.0	0.0	0.0	0.0	0	0:00:00.086349
1800	36	0	35	0.0	0.0	0.0	0.0	0	0:00:00.085834
1900	38	0	44	0.0	0.0	0.0	0.0	0	0:00:00.085314
2000	40	0	46	0.0	0.0	0.0	0.0	0	0:00:00.085342
2100	42	0	48	0.0	0.0	0.0	0.0	0	0:00:00.085256
2200	44	1106855.0	44	1.45	1.68	1.32	1.2	1	0:17:35.790479
2300	46	0	40	0.0	0.0	0.0	0.0	0	0:00:00.093133
2400	48	0	69	0.0	0.0	0.0	0.0	0	0:00:00.088781
2500	50	0	47	0.0	0.0	0.0	0.0	0	0:00:00.087942
2600	52	0	111	0.0	0.0	0.0	0.0	0	0:00:00.085747
2700	54	0	57	0.0	0.0	0.0	0.0	0	0:00:00.085611
2800	56	1249434.0	56	3.28	3.23	3.28	3.28	1	0:17:22.763652
2900	58	0	114	0.0	0.0	0.0	0.0	0	0:00:00.093161
3000	60	0	61	0.0	0.0	0.0	0.0	0	0:00:00.092974
3100	62	0	61	0.0	0.0	0.0	0.0	0	0:00:00.088163
3200	64	1183868.0	64	1.82	2.24	1.65	1.61	1	0:17:37.465184
3300	66	0	42	0.0	0.0	0.0	0.0	0	0:00:00.092013
3400	68	0	111	0.0	0.0	0.0	0.0	0	0:00:00.087326
3500	70	1249984.0	70	4.04	3.66	4.04	4.05	1	0:17:22.370767
3600	72	1224152.0	72	2.09	3.08	2.03	2.03	1	0:17:13.429075
3700	74	0	78	0.0	0.0	0.0	0.0	0	0:00:00.085660
3800	76	510291.0	-1	0.0	0.0	0.0	0.0	0	0:17:12.201414
3900	78	835200.0	78	0.679	0.96	0.539	0.431	1	0:17:35.391880
4000	80	1249985.0	80	4.05	3.66	4.05	4.06	1	0:17:22.824990
4100	82	997878.0	82	1.13	1.36	0.962	0.832	1	0:17:34.274672
4200	84	0	108	0.0	0.0	0.0	0.0	0	0:00:00.093132
4300	86	0	83	0.0	0.0	0.0	0.0	0	0:00:00.092973
4400	88	0	954	0.0	0.0	0.0	0.0	0	0:00:00.088693
4500	90	1190248.0	90	1.86	2.39	1.69	1.66	1	0:17:37.696476
4600	92	0	14	0.0	0.0	0.0	0.0	0	0:00:00.093337
4700	94	1230093.0	94	2.16	2.13	2.14	2.14	1	0:17:22.765558
4800	96	1250000.0	96	4.37	3.7	4.37	4.4	1	0:17:23.468428
4900	98	0	484	0.0	0.0	0.0	0.0	0	0:00:00.093091
5000	100	1249966.0	100	3.91	3.62	3.91	3.92	1	0:17:23.064469
5100	102	0	316	0.0	0.0	0.0	0.0	0	0:00:00.093163
5200	104	0	342	0.0	0.0	0.0	0.0	0	0:00:00.092072
5300	106	1242810.0	106	2.51	2.51	2.51	2.51	1	0:17:22.382467
5400	108	0	470	0.0	0.0	0.0	0.0	0	0:00:00.091938
5500	110	1217122.0	110	2.02	3.12	1.93	1.93	1	0:17:34.091018
5600	112	528133.0	-1	0.0	0.0	0.0	0.0	0	0:17:11.969978
5700	114	0	113	0.0	0.0	0.0	0.0	0	0:00:00.086586
5800	116	1246204.0	116	2.73	2.72	2.73	2.73	1	0:17:24.102931
5900	118	1070139.0	118	1.33	1.61	1.16	1.06	1	0:17:36.501461
6000	120	0	316	0.0	0.0	0.0	0.0	0	0:00:00.093343
6100	122	1246819.0	122	2.78	2.77	2.78	2.78	1	0:17:23.365224
6200	124	0	314	0.0	0.0	0.0	0.0	0	0:00:00.093142
6300	126	0	363	0.0	0.0	0.0	0.0	0	0:00:00.092995
6400	128	1249450.0	128	3.29	3.24	3.29	3.29	1	0:17:23.395113
6500	130	792622.0	130	0.574	0.97	0.374	0.339	1	0:17:35.662559
6600	132	1215097.0	132	2.0	2.95	1.91	1.91	1	0:17:32.345984
6700	134	0	132	0.0	0.0	0.0	0.0	0	0:00:00.093346
6800	136	1250000.0	136	4.37	3.7	4.37	4.4	1	0:17:23.973522
6900	138	1079205.0	138	1.36	1.69	1.16	1.09	1	0:17:36.200958
7000	140	1249992.0	140	4.13	3.68	4.13	4.15	1	0:17:23.432385
7100	142	0	133	0.0	0.0	0.0	0.0	0	0:00:00.093128
7200	144	0	331	0.0	0.0	0.0	0.0	0	0:00:00.092391
7300	146	0	83	0.0	0.0	0.0	0.0	0	0:00:00.088091
7400	148	1249978.0	148	3.99	3.65	3.99	3.99	1	0:17:22.741803
7500	150	0	360	0.0	0.0	0.0	0.0	0	0:00:00.093135
7600	152	1211198.0	152	1.98	2.82	1.87	1.86	1	0:17:38.967571
7700	154	0	260	0.0	0.0	0.0	0.0	0	0:00:00.093360
7800	156	1243156.0	156	2.53	2.52	2.53	2.53	1	0:17:22.572368
7900	158	689979.0	158	0.198	0.484	0.192	0.127	1	0:17:36.733666
8000	160	1023739.0	160	1.13	1.54	0.978	0.907	1	0:17:35.187320
8100	162	953955.0	162	0.968	1.32	0.795	0.713	1	0:17:35.422258
8200	164	0	217	0.0	0.0	0.0	0.0	0	0:00:00.093302
8300	166	0	162	0.0	0.0	0.0	0.0	0	0:00:00.091475
8400	168	0	739	0.0	0.0	0.0	0.0	0	0:00:02.435024
8500	170	0	176	0.0	0.0	0.0	0.0	0	0:00:00.096136
8600	172	741283.0	172	0.408	0.686	0.312	0.232	1	0:17:39.587728
8700	174	0	254	0.0	0.0	0.0	0.0	0	0:00:00.093287
8800	176	1114264.0	176	1.47	1.77	1.31	1.23	1	0:17:36.616184
8900	178	1234639.0	178	2.24	2.23	2.24	2.24	1	0:17:21.767633
9000	180	0	243	0.0	0.0	0.0	0.0	0	0:00:00.093144
9100	182	0	760	0.0	0.0	0.0	0.0	0	0:00:00.092875
9200	184	0	189	0.0	0.0	0.0	0.0	0	0:00:00.088156
9300	186	0	192	0.0	0.0	0.0	0.0	0	0:00:00.086707
9400	188	0	181	0.0	0.0	0.0	0.0	0	0:00:00.085589
9500	190	1249967.0	190	3.91	3.62	3.91	3.92	1	0:17:21.988914
9600	192	0	199	0.0	0.0	0.0	0.0	0	0:00:00.093252
9700	194	0	385	0.0	0.0	0.0	0.0	0	0:00:00.088187
9800	196	0	199	0.0	0.0	0.0	0.0	0	0:00:00.087105
9900	198	0	194	0.0	0.0	0.0	0.0	0	0:00:00.085452
10000	200	877592.0	200	0.762	1.09	0.625	0.527	1	0:17:34.311301
10100	202	982762.0	202	1.06	1.35	0.898	0.789	1	0:17:33.771790
10200	204	1130604.0	204	1.57	1.94	1.36	1.3	1	0:17:36.627691
10300	206	0	213	0.0	0.0	0.0	0.0	0	0:00:00.093316
10400	208	0	210	0.0	0.0	0.0	0.0	0	0:00:00.088669
10500	210	1073712.0	210	1.33	1.57	1.2	1.07	1	0:17:34.475632
10600	212	0	198	0.0	0.0	0.0	0.0	0	0:00:00.092935
10700	214	0	197	0.0	0.0	0.0	0.0	0	0:00:00.086423
10800	216	674939.0	216	0.099	0.436	0.127	0.0968	1	0:17:36.896183
10900	218	1249801.0	218	3.54	3.43	3.54	3.54	1	0:17:22.509971
11000	220	1164340.0	220	1.67	1.97	1.57	1.48	1	0:17:35.330959
11100	222	0	296	0.0	0.0	0.0	0.0	0	0:00:00.093245
11200	224	0	233	0.0	0.0	0.0	0.0	0	0:00:00.088159
11300	226	1056755.0	226	1.24	1.64	1.08	1.01	1	0:17:34.778826
11400	228	750007.0	228	0.429	0.731	0.319	0.25	1	0:17:34.811612
11500	230	1109755.0	230	1.47	1.84	1.27	1.21	1	0:17:36.213622
11600	232	649493.0	232	0.0453	0.295	0.0582	0.0457	1	0:17:38.262455
11700	234	0	205	0.0	0.0	0.0	0.0	0	0:00:00.093306
11800	236	0	522	0.0	0.0	0.0	0.0	0	0:00:00.088816
11900	238	0	241	0.0	0.0	0.0	0.0	0	0:00:00.087285
12000	240	0	238	0.0	0.0	0.0	0.0	0	0:00:00.085237
12100	242	0	172	0.0	0.0	0.0	0.0	0	0:00:00.085388
12200	244	1227597.0	244	2.12	2.09	2.09	2.09	1	0:17:21.959402
12300	246	0	212	0.0	0.0	0.0	0.0	0	0:00:00.093096
12400	248	1172061.0	248	1.74	2.05	1.6	1.53	1	0:17:35.597199
12500	250	0	269	0.0	0.0	0.0	0.0	0	0:00:00.093222
12600	252	496608.0	-1	0.0	0.0	0.0	0.0	0	0:17:11.286468
12700	254	0	197	0.0	0.0	0.0	0.0	0	0:00:00.086349
12800	256	1249189.0	256	3.18	3.15	3.18	3.19	1	0:17:22.215283
12900	258	0	232	0.0	0.0	0.0	0.0	0	0:00:00.093245
13000	260	1230804.0	260	2.15	2.15	2.15	2.15	1	0:17:22.071353
13100	262	1241175.0	262	2.44	2.44	2.44	2.44	1	0:17:22.145539
13200	264	878940.0	264	0.781	1.12	0.603	0.53	1	0:17:34.301095
13300	266	1126342.0	266	1.5	1.79	1.38	1.28	1	0:17:34.020948
13400	268	1120426.0	268	1.49	1.79	1.35	1.26	1	0:17:35.211949
13500	270	1202809.0	270	1.93	2.29	1.83	1.77	1	0:17:37.468722
13600	272	0	277	0.0	0.0	0.0	0.0	0	0:00:00.093263
13700	274	1224004.0	274	2.07	2.03	2.03	2.03	1	0:17:29.155280
13800	276	1245654.0	276	2.68	2.67	2.68	2.68	1	0:17:22.633007
13900	278	1040985.0	278	1.22	1.58	1.04	0.961	1	0:17:34.691570
14000	280	1158762.0	280	1.66	1.94	1.54	1.45	1	0:17:36.244025
14100	282	0	281	0.0	0.0	0.0	0.0	0	0:00:00.093297
14200	284	1250000.0	284	4.37	3.7	4.37	4.4	1	0:17:21.826406
14300	286	1249033.0	286	3.14	3.1	3.14	3.14	1	0:17:22.134775
14400	288	862145.0	288	0.759	1.04	0.601	0.491	1	0:17:34.646962
14500	290	1178835.0	290	1.78	2.23	1.61	1.58	1	0:17:37.321632
14600	292	0	290	0.0	0.0	0.0	0.0	0	0:00:00.092538
14700	294	1244910.0	294	2.63	2.62	2.63	2.63	1	0:17:22.450949
14800	296	514376.0	-1	0.0	0.0	0.0	0.0	0	0:17:11.448216
14900	298	0	346	0.0	0.0	0.0	0.0	0	0:00:00.086368
15000	300	1194333.0	300	1.84	2.39	1.72	1.69	1	0:17:37.841327
15100	302	0	310	0.0	0.0	0.0	0.0	0	0:00:00.093416
15200	304	0	989	0.0	0.0	0.0	0.0	0	0:00:00.092389
15300	306	0	303	0.0	0.0	0.0	0.0	0	0:00:00.088095
15400	308	0	303	0.0	0.0	0.0	0.0	0	0:00:00.085604
15500	310	1118737.0	310	1.5	1.76	1.35	1.25	1	0:17:34.991052
15600	312	0	183	0.0	0.0	0.0	0.0	0	0:00:00.093281
15700	314	0	304	0.0	0.0	0.0	0.0	0	0:00:00.089043
15800	316	1205857.0	316	1.94	2.39	1.84	1.8	1	0:17:37.500194
15900	318	0	324	0.0	0.0	0.0	0.0	0	0:00:00.093295
16000	320	1249867.0	320	3.63	3.49	3.63	3.64	1	0:17:21.631818
16100	322	0	309	0.0	0.0	0.0	0.0	0	0:00:00.092376
16200	324	1250000.0	324	4.37	3.7	4.37	4.4	1	0:17:22.029010
16300	326	1113857.0	326	1.5	1.82	1.29	1.23	1	0:17:36.353905
16400	328	1250000.0	328	4.37	3.7	4.37	4.4	1	0:17:22.261070
16500	330	0	343	0.0	0.0	0.0	0.0	0	0:00:00.093112
16600	332	0	265	0.0	0.0	0.0	0.0	0	0:00:00.088072
16700	334	867404.0	334	0.766	1.03	0.629	0.503	1	0:17:34.257845
16800	336	0	373	0.0	0.0	0.0	0.0	0	0:00:06.004044
16900	338	0	617	0.0	0.0	0.0	0.0	0	0:00:00.096099
17000	340	1250000.0	340	4.37	3.7	4.37	4.4	1	0:17:30.157279
17100	342	0	373	0.0	0.0	0.0	0.0	0	0:00:00.094072
17200	344	843450.0	344	0.702	1.02	0.532	0.449	1	0:17:37.846434
17300	346	512873.0	-1	0.0	0.0	0.0	0.0	0	0:17:16.954931
17400	348	596801.0	-1	0.0	0.0	0.0	0.0	0	0:17:17.053476
17500	350	1249999.0	350	4.31	3.7	4.31	4.33	1	0:17:28.191515
17600	352	787381.0	352	0.568	0.802	0.47	0.328	1	0:17:39.115460
17700	354	713867.0	354	0.322	0.584	0.256	0.176	1	0:17:38.636026
17800	356	174416.0	-1	0.0	0.0	0.0	0.0	0	0:17:15.693023
17900	358	0	359	0.0	0.0	0.0	0.0	0	0:00:00.087207
18000	360	889654.0	360	0.833	1.09	0.67	0.555	1	0:17:39.030283
18100	362	1250000.0	362	4.37	3.7	4.37	4.4	1	0:17:27.117341
18200	364	1199384.0	364	1.91	2.33	1.78	1.74	1	0:17:43.217134
18300	366	551977.0	-1	0.0	0.0	0.0	0.0	0	0:17:16.901985
18400	368	0	376	0.0	0.0	0.0	0.0	0	0:00:00.088906
18500	370	1241955.0	370	2.47	2.47	2.47	2.48	1	0:17:26.458930
18600	372	654986.0	372	0.0563	0.279	0.0747	0.0567	1	0:17:42.996943
18700	374	0	367	0.0	0.0	0.0	0.0	0	0:00:00.094174
18800	376	1122877.0	376	1.5	1.81	1.35	1.27	1	0:17:41.036678
18900	378	0	244	0.0	0.0	0.0	0.0	0	0:00:00.093965
19000	380	1001793.0	380	1.12	1.4	0.954	0.843	1	0:17:36.920653
19100	382	1192343.0	382	1.84	2.2	1.74	1.68	1	0:17:42.234102
19200	384	0	284	0.0	0.0	0.0	0.0	0	0:00:00.093753
19300	386	0	101	0.0	0.0	0.0	0.0	0	0:00:00.088933
19400	388	1161590.0	388	1.69	2.01	1.53	1.47	1	0:17:39.137245
19500	390	0	392	0.0	0.0	0.0	0.0	0	0:00:00.094002
19600	392	0	397	0.0	0.0	0.0	0.0	0	0:00:00.090920
19700	394	0	568	0.0	0.0	0.0	0.0	0	0:00:00.088840
19800	396	1250000.0	396	4.37	3.7	4.37	4.4	1	0:17:26.202390
19900	398	1233117.0	398	2.2	2.2	2.2	2.2	1	0:17:25.989753
20000	400	797641.0	400	0.576	0.858	0.456	0.35	1	0:17:39.269568
20100	402	0	990	0.0	0.0	0.0	0.0	0	0:00:00.093954
20200	404	1241130.0	404	2.44	2.44	2.44	2.44	1	0:17:26.064015
20300	406	674290.0	406	0.152	0.434	0.13	0.0955	1	0:17:42.749586
20400	408	0	825	0.0	0.0	0.0	0.0	0	0:00:00.094100
20500	410	0	203	0.0	0.0	0.0	0.0	0	0:00:00.088882
20600	412	1073902.0	412	1.34	1.55	1.21	1.07	1	0:17:39.961563
20700	414	1176117.0	414	1.79	2.15	1.61	1.56	1	0:17:40.045172
20800	416	1249984.0	416	4.04	3.66	4.04	4.05	1	0:17:26.397061
20900	418	0	563	0.0	0.0	0.0	0.0	0	0:00:00.093898
21000	420	0	457	0.0	0.0	0.0	0.0	0	0:00:00.088912
21100	422	0	604	0.0	0.0	0.0	0.0	0	0:00:00.087332
21200	424	530103.0	-1	0.0	0.0	0.0	0.0	0	0:17:16.074888
21300	426	1248507.0	426	3.01	2.99	3.01	3.01	1	0:17:27.526800
21400	428	1189232.0	428	1.81	2.22	1.7	1.65	1	0:17:41.842298
21500	430	888897.0	430	0.804	1.08	0.684	0.553	1	0:17:37.713003
21600	432	842880.0	432	0.686	0.993	0.546	0.448	1	0:17:38.095094
21700	434	0	452	0.0	0.0	0.0	0.0	0	0:00:00.093977
21800	436	1249169.0	436	3.18	3.14	3.18	3.18	1	0:17:26.710072
21900	438	0	521	0.0	0.0	0.0	0.0	0	0:00:00.093823
22000	440	0	406	0.0	0.0	0.0	0.0	0	0:00:00.088846
22100	442	1249969.0	442	3.93	3.63	3.93	3.93	1	0:17:25.983202
22200	444	0	808	0.0	0.0	0.0	0.0	0	0:00:00.093788
22300	446	0	718	0.0	0.0	0.0	0.0	0	0:00:00.093644
22400	448	0	694	0.0	0.0	0.0	0.0	0	0:00:00.088843
22500	450	0	757	0.0	0.0	0.0	0.0	0	0:00:00.087374
22600	452	469749.0	-1	0.0	0.0	0.0	0.0	0	0:17:16.546984
22700	454	0	582	0.0	0.0	0.0	0.0	0	0:00:00.088549
22800	456	0	522	0.0	0.0	0.0	0.0	0	0:00:00.087089
22900	458	0	827	0.0	0.0	0.0	0.0	0	0:00:00.087081
23000	460	0	976	0.0	0.0	0.0	0.0	0	0:00:00.086763
23100	462	0	500	0.0	0.0	0.0	0.0	0	0:00:00.086761
23200	464	0	439	0.0	0.0	0.0	0.0	0	0:00:00.086668
23300	466	1249430.0	466	3.28	3.23	3.28	3.28	1	0:17:26.615140
23400	468	1249408.0	468	3.27	3.22	3.27	3.27	1	0:17:26.944036
23500	470	0	410	0.0	0.0	0.0	0.0	0	0:00:00.093790
23600	472	1242967.0	472	2.52	2.52	2.52	2.52	1	0:17:27.366249
23700	474	0	394	0.0	0.0	0.0	0.0	0	0:00:00.093698
23800	476	963551.0	476	0.97	1.32	0.835	0.738	1	0:17:40.367259
23900	478	484274.0	-1	0.0	0.0	0.0	0.0	0	0:17:16.256235
24000	480	0	877	0.0	0.0	0.0	0.0	0	0:00:00.087634
24100	482	0	788	0.0	0.0	0.0	0.0	0	0:00:00.086814
24200	484	0	871	0.0	0.0	0.0	0.0	0	0:00:00.087275
24300	486	1205525.0	486	1.91	2.5	1.82	1.8	1	0:17:44.288929
24400	488	0	483	0.0	0.0	0.0	0.0	0	0:00:00.092515
24500	490	0	293	0.0	0.0	0.0	0.0	0	0:00:00.088086
24600	492	0	565	0.0	0.0	0.0	0.0	0	0:00:00.086204
24700	494	0	878	0.0	0.0	0.0	0.0	0	0:00:00.086171
24800	496	0	591	0.0	0.0	0.0	0.0	0	0:00:00.086268
24900	498	1248707.0	498	3.05	3.03	3.05	3.05	1	0:17:26.138478
25000	500	1244149.0	500	2.58	2.58	2.58	2.58	1	0:17:27.438988
25100	502	1167511.0	502	1.71	2.0	1.58	1.5	1	0:17:40.830263
25200	504	0	766	0.0	0.0	0.0	0.0	0	0:00:02.097990
25300	506	1024519.0	506	1.21	1.49	1.0	0.91	1	0:17:39.074712
25400	508	1249650.0	508	3.4	3.33	3.4	3.41	1	0:17:23.127304
25500	510	1177231.0	510	1.77	2.11	1.63	1.56	1	0:17:37.587450
25600	512	0	488	0.0	0.0	0.0	0.0	0	0:00:00.093209
25700	514	1250000.0	514	4.37	3.7	4.37	4.4	1	0:17:22.740598
25800	516	0	938	0.0	0.0	0.0	0.0	0	0:00:00.093062
25900	518	1250000.0	518	4.37	3.7	4.37	4.4	1	0:17:22.574781
26000	520	772578.0	520	0.525	0.797	0.378	0.297	1	0:17:36.386409
26100	522	1064462.0	522	1.29	1.61	1.13	1.04	1	0:17:35.148439
26200	524	0	760	0.0	0.0	0.0	0.0	0	0:00:00.093211
26300	526	0	673	0.0	0.0	0.0	0.0	0	0:00:00.091493
26400	528	0	478	0.0	0.0	0.0	0.0	0	0:00:00.088054
26500	530	0	531	0.0	0.0	0.0	0.0	0	0:00:00.085819
26600	532	0	846	0.0	0.0	0.0	0.0	0	0:00:00.085469
26700	534	480721.0	-1	0.0	0.0	0.0	0.0	0	0:17:12.344053
26800	536	0	403	0.0	0.0	0.0	0.0	0	0:00:00.086187
26900	538	1249711.0	538	3.45	3.37	3.45	3.45	1	0:17:24.033885
27000	540	1237733.0	540	2.32	2.32	2.32	2.32	1	0:17:22.089379
27100	542	0	477	0.0	0.0	0.0	0.0	0	0:00:00.093128
27200	544	0	926	0.0	0.0	0.0	0.0	0	0:00:00.088082
27300	546	1249126.0	546	3.16	3.13	3.16	3.17	1	0:17:23.376744
27400	548	1227541.0	548	2.12	2.09	2.09	2.09	1	0:17:23.810289
27500	550	741827.0	550	0.397	0.724	0.291	0.233	1	0:17:35.756879
27600	552	1250000.0	552	4.37	3.7	4.37	4.4	1	0:17:23.075560
27700	554	1219531.0	554	2.03	2.66	1.98	1.96	1	0:17:20.878420
27800	556	0	516	0.0	0.0	0.0	0.0	0	0:00:00.093090
27900	558	0	257	0.0	0.0	0.0	0.0	0	0:00:00.088284
28000	560	721092.0	560	0.332	0.632	0.252	0.19	1	0:17:37.021237
28100	562	1203665.0	562	1.89	2.46	1.81	1.78	1	0:17:39.263209
28200	564	0	669	0.0	0.0	0.0	0.0	0	0:00:00.093225
28300	566	0	887	0.0	0.0	0.0	0.0	0	0:00:00.092952
28400	568	0	399	0.0	0.0	0.0	0.0	0	0:00:00.088229
28500	570	0	613	0.0	0.0	0.0	0.0	0	0:00:00.086640
28600	572	0	840	0.0	0.0	0.0	0.0	0	0:00:00.085258
28700	574	1250000.0	574	4.37	3.7	4.37	4.4	1	0:17:22.356954
28800	576	0	972	0.0	0.0	0.0	0.0	0	0:00:00.092479
28900	578	532668.0	-1	0.0	0.0	0.0	0.0	0	0:17:12.512173
29000	580	0	417	0.0	0.0	0.0	0.0	0	0:00:00.086771
29100	582	314181.0	-1	0.0	0.0	0.0	0.0	0	0:17:13.111407
29200	584	0	684	0.0	0.0	0.0	0.0	0	0:00:00.087834
29300	586	955835.0	586	0.994	1.3	0.813	0.718	1	0:17:36.324747
29400	588	1220514.0	588	2.04	3.1	1.98	1.98	1	0:17:14.300238
29500	590	0	782	0.0	0.0	0.0	0.0	0	0:00:00.085795
29600	592	656282.0	592	0.101	0.318	0.0832	0.0593	1	0:17:39.694565
29700	594	0	476	0.0	0.0	0.0	0.0	0	0:00:00.093243
29800	596	0	825	0.0	0.0	0.0	0.0	0	0:00:00.093004
29900	598	845203.0	598	0.721	0.994	0.554	0.453	1	0:17:34.187578
30000	600	0	417	0.0	0.0	0.0	0.0	0	0:00:00.093273
30100	602	1249930.0	602	3.77	3.57	3.77	3.78	1	0:17:22.307932
30200	604	0	799	0.0	0.0	0.0	0.0	0	0:00:00.093268
30300	606	1243873.0	606	2.57	2.56	2.57	2.57	1	0:17:22.463770
30400	608	0	523	0.0	0.0	0.0	0.0	0	0:00:00.093168
30500	610	995754.0	610	1.08	1.43	0.909	0.826	1	0:17:35.432589
30600	612	1250000.0	612	4.37	3.7	4.37	4.4	1	0:17:23.314740
30700	614	554203.0	-1	0.0	0.0	0.0	0.0	0	0:17:12.887818
30800	616	0	594	0.0	0.0	0.0	0.0	0	0:00:00.086494
30900	618	0	823	0.0	0.0	0.0	0.0	0	0:00:00.086002
31000	620	0	617	0.0	0.0	0.0	0.0	0	0:00:00.085510
31100	622	1250000.0	622	4.37	3.7	4.37	4.4	1	0:17:22.309124
31200	624	0	453	0.0	0.0	0.0	0.0	0	0:00:00.091991
31300	626	0	692	0.0	0.0	0.0	0.0	0	0:00:00.087156
31400	628	0	624	0.0	0.0	0.0	0.0	0	0:00:00.085610
31500	630	0	703	0.0	0.0	0.0	0.0	0	0:00:00.085494
31600	632	1246177.0	632	2.72	2.71	2.72	2.73	1	0:17:22.189728
31700	634	0	489	0.0	0.0	0.0	0.0	0	0:00:00.093169
31800	636	1156729.0	636	1.65	1.98	1.51	1.44	1	0:17:36.508569
31900	638	0	445	0.0	0.0	0.0	0.0	0	0:00:00.093237
32000	640	1249637.0	640	3.39	3.32	3.39	3.4	1	0:17:22.258660
32100	642	1240918.0	642	2.43	2.43	2.43	2.43	1	0:17:22.945390
32200	644	1249831.0	644	3.58	3.46	3.58	3.58	1	0:17:22.805967
32300	646	0	545	0.0	0.0	0.0	0.0	0	0:00:00.093090
32400	648	0	651	0.0	0.0	0.0	0.0	0	0:00:00.091392
32500	650	0	546	0.0	0.0	0.0	0.0	0	0:00:00.088096
32600	652	1061514.0	652	1.27	1.56	1.14	1.03	1	0:17:35.716334
32700	654	0	656	0.0	0.0	0.0	0.0	0	0:00:00.093123
32800	656	937332.0	656	0.935	1.27	0.756	0.67	1	0:17:35.022239
32900	658	1250000.0	658	4.37	3.7	4.37	4.4	1	0:17:22.804981
33000	660	1218543.0	660	2.02	2.77	1.96	1.95	1	0:17:27.654856
33100	662	0	549	0.0	0.0	0.0	0.0	0	0:00:00.093224
33200	664	0	598	0.0	0.0	0.0	0.0	0	0:00:00.088228
33300	666	739203.0	666	0.399	0.716	0.283	0.228	1	0:17:35.040543
33400	668	0	123	0.0	0.0	0.0	0.0	0	0:00:00.093168
33500	670	1207179.0	670	1.96	2.46	1.84	1.81	1	0:17:39.040662
33600	672	0	979	0.0	0.0	0.0	0.0	0	0:00:05.575633
33700	674	0	448	0.0	0.0	0.0	0.0	0	0:00:00.109519
33800	676	0	960	0.0	0.0	0.0	0.0	0	0:00:00.101707
33900	678	1133995.0	678	1.58	1.9	1.38	1.32	1	0:23:16.790586
34000	680	0	438	0.0	0.0	0.0	0.0	0	0:00:00.101399
34100	682	836338.0	682	0.648	1.01	0.511	0.434	1	0:23:07.093673
34200	684	1167000.0	684	1.69	2.02	1.57	1.5	1	0:23:09.394628
34300	686	0	758	0.0	0.0	0.0	0.0	0	0:00:00.101146
34400	688	1250000.0	688	4.37	3.7	4.37	4.4	1	0:22:56.120272
34500	690	1168663.0	690	1.7	2.01	1.59	1.51	1	0:23:11.012507
34600	692	0	571	0.0	0.0	0.0	0.0	0	0:00:00.101165
34700	694	1250000.0	694	4.37	3.7	4.37	4.4	1	0:22:54.295119
34800	696	0	34	0.0	0.0	0.0	0.0	0	0:00:00.101694
34900	698	0	663	0.0	0.0	0.0	0.0	0	0:00:00.102014
35000	700	0	831	0.0	0.0	0.0	0.0	0	0:00:00.104890
35100	702	0	602	0.0	0.0	0.0	0.0	0	0:00:00.102755
35200	704	0	877	0.0	0.0	0.0	0.0	0	0:00:00.103819
35300	706	0	536	0.0	0.0	0.0	0.0	0	0:00:00.102451
35400	708	0	682	0.0	0.0	0.0	0.0	0	0:00:00.101905
35500	710	0	868	0.0	0.0	0.0	0.0	0	0:00:00.103157
35600	712	0	891	0.0	0.0	0.0	0.0	0	0:00:00.102917
35700	714	1240573.0	714	2.42	2.41	2.42	2.42	1	0:22:55.312799
35800	716	740561.0	716	0.394	0.714	0.284	0.23	1	0:23:08.033823
35900	718	0	425	0.0	0.0	0.0	0.0	0	0:00:00.101247
36000	720	0	951	0.0	0.0	0.0	0.0	0	0:00:00.102601
36100	722	1241848.0	722	2.47	2.46	2.47	2.47	1	0:22:55.271693
36200	724	0	780	0.0	0.0	0.0	0.0	0	0:00:00.100843
36300	726	1012743.0	726	1.13	1.44	0.979	0.875	1	0:23:07.293790
36400	728	928180.0	728	0.92	1.2	0.762	0.647	1	0:23:08.135159
36500	730	0	856	0.0	0.0	0.0	0.0	0	0:00:00.101073
36600	732	1092583.0	732	1.4	1.72	1.22	1.14	1	0:23:08.565196
36700	734	1218706.0	734	2.02	2.76	1.96	1.95	1	0:22:52.938588
36800	736	1250000.0	736	4.37	3.7	4.37	4.4	1	0:22:54.600699
36900	738	1025777.0	738	1.18	1.47	1.01	0.914	1	0:23:08.623910
37000	740	0	450	0.0	0.0	0.0	0.0	0	0:00:00.100702
37100	742	0	466	0.0	0.0	0.0	0.0	0	0:00:00.103572
37200	744	0	442	0.0	0.0	0.0	0.0	0	0:00:00.102550
37300	746	1250000.0	746	4.37	3.7	4.37	4.4	1	0:22:55.686863
37400	748	957867.0	748	0.967	1.29	0.829	0.723	1	0:23:08.600379
37500	750	0	257	0.0	0.0	0.0	0.0	0	0:00:00.101540
37600	752	0	765	0.0	0.0	0.0	0.0	0	0:00:00.102176
37700	754	495291.0	-1	0.0	0.0	0.0	0.0	0	0:22:43.232957
37800	756	1249991.0	756	4.12	3.67	4.12	4.13	1	0:22:54.841331
37900	758	0	726	0.0	0.0	0.0	0.0	0	0:00:00.102073
38000	760	0	799	0.0	0.0	0.0	0.0	0	0:00:00.104468
38100	762	1075007.0	762	1.32	1.62	1.17	1.08	1	0:23:08.875283
38200	764	0	650	0.0	0.0	0.0	0.0	0	0:00:00.101699
38300	766	1249940.0	766	3.8	3.58	3.8	3.81	1	0:22:54.807789
38400	768	0	890	0.0	0.0	0.0	0.0	0	0:00:00.101752
38500	770	252226.0	-1	0.0	0.0	0.0	0.0	0	0:22:47.053325
38600	772	0	419	0.0	0.0	0.0	0.0	0	0:00:00.102459
38700	774	0	514	0.0	0.0	0.0	0.0	0	0:00:00.102487
38800	776	0	843	0.0	0.0	0.0	0.0	0	0:00:00.105314
38900	778	0	747	0.0	0.0	0.0	0.0	0	0:00:00.105006
39000	780	0	914	0.0	0.0	0.0	0.0	0	0:00:00.103925
39100	782	0	598	0.0	0.0	0.0	0.0	0	0:00:00.103368
39200	784	0	828	0.0	0.0	0.0	0.0	0	0:00:00.103103
39300	786	0	665	0.0	0.0	0.0	0.0	0	0:00:00.104142
39400	788	0	702	0.0	0.0	0.0	0.0	0	0:00:00.103475
39500	790	0	830	0.0	0.0	0.0	0.0	0	0:00:00.105458
39600	792	1159710.0	792	1.67	1.93	1.55	1.45	1	0:23:09.565570
39700	794	1230464.0	794	2.16	2.14	2.14	2.15	1	0:22:55.776549
39800	796	1249984.0	796	4.04	3.66	4.04	4.05	1	0:22:56.451487
39900	798	809192.0	798	0.639	0.886	0.481	0.375	1	0:23:05.811022
40000	800	1194870.0	800	1.86	2.27	1.75	1.7	1	0:23:11.915563
40100	802	1013350.0	802	1.14	1.45	0.97	0.876	1	0:23:06.847811
40200	804	0	844	0.0	0.0	0.0	0.0	0	0:00:00.101043
40300	806	597127.0	-1	0.0	0.0	0.0	0.0	0	0:22:46.637183
40400	808	0	502	0.0	0.0	0.0	0.0	0	0:00:00.102243
40500	810	1013348.0	810	1.16	1.5	0.953	0.876	1	0:23:06.166379
40600	812	1250000.0	812	4.37	3.7	4.37	4.4	1	0:22:56.481338
40700	814	0	628	0.0	0.0	0.0	0.0	0	0:00:00.101771
40800	816	1159888.0	816	1.67	1.99	1.53	1.46	1	0:23:11.295347
40900	818	0	745	0.0	0.0	0.0	0.0	0	0:00:00.101568
41000	820	0	498	0.0	0.0	0.0	0.0	0	0:00:00.104882
41100	822	1249194.0	822	3.19	3.15	3.19	3.19	1	0:22:57.989444
41200	824	255765.0	-1	0.0	0.0	0.0	0.0	0	0:22:47.070015
41300	826	0	531	0.0	0.0	0.0	0.0	0	0:00:00.102059
41400	828	0	818	0.0	0.0	0.0	0.0	0	0:00:00.101931
41500	830	0	171	0.0	0.0	0.0	0.0	0	0:00:00.104048
41600	832	591795.0	-1	0.0	0.0	0.0	0.0	0	0:22:47.601291
41700	834	0	417	0.0	0.0	0.0	0.0	0	0:00:00.102340
41800	836	0	444	0.0	0.0	0.0	0.0	0	0:00:00.105569
41900	838	0	478	0.0	0.0	0.0	0.0	0	0:00:00.106333
42000	840	300005.0	-1	0.0	0.0	0.0	0.0	0	0:17:18.440199
42100	842	1002860.0	842	1.05	1.48	0.917	0.846	1	0:17:34.247348
42200	844	1238293.0	844	2.34	2.34	2.34	2.34	1	0:17:21.448020
42300	846	0	532	0.0	0.0	0.0	0.0	0	0:00:00.092879
42400	848	0	754	0.0	0.0	0.0	0.0	0	0:00:00.086721
42500	850	0	584	0.0	0.0	0.0	0.0	0	0:00:00.085716
42600	852	1249953.0	852	3.85	3.6	3.85	3.86	1	0:17:21.737833
42700	854	253357.0	-1	0.0	0.0	0.0	0.0	0	0:17:11.328836
42800	856	617355.0	-1	0.0	0.0	0.0	0.0	0	0:17:11.619844
42900	858	0	827	0.0	0.0	0.0	0.0	0	0:00:00.086004
43000	860	0	941	0.0	0.0	0.0	0.0	0	0:00:00.085910
43100	862	0	470	0.0	0.0	0.0	0.0	0	0:00:00.085802
43200	864	0	595	0.0	0.0	0.0	0.0	0	0:00:00.085929
43300	866	461748.0	-1	0.0	0.0	0.0	0.0	0	0:17:12.227971
43400	868	0	618	0.0	0.0	0.0	0.0	0	0:00:00.087167
43500	870	0	433	0.0	0.0	0.0	0.0	0	0:00:00.086007
43600	872	0	731	0.0	0.0	0.0	0.0	0	0:00:00.085795
43700	874	1249998.0	874	4.27	3.7	4.27	4.29	1	0:17:22.227878
43800	876	0	648	0.0	0.0	0.0	0.0	0	0:00:00.093257
43900	878	1227046.0	878	2.12	2.08	2.08	2.08	1	0:17:21.718951
44000	880	0	621	0.0	0.0	0.0	0.0	0	0:00:00.093183
44100	882	0	760	0.0	0.0	0.0	0.0	0	0:00:00.089114
44200	884	1142154.0	884	1.58	1.81	1.48	1.36	1	0:17:33.990116
44300	886	1103990.0	886	1.45	1.77	1.26	1.19	1	0:17:35.223031
44400	888	0	718	0.0	0.0	0.0	0.0	0	0:00:00.093338
44500	890	1211353.0	890	1.95	2.52	1.89	1.86	1	0:17:38.071841
44600	892	0	858	0.0	0.0	0.0	0.0	0	0:00:00.093249
44700	894	1228737.0	894	2.15	2.11	2.11	2.11	1	0:17:21.421011
44800	896	0	430	0.0	0.0	0.0	0.0	0	0:00:00.093086
44900	898	0	458	0.0	0.0	0.0	0.0	0	0:00:00.091228
45000	900	1224170.0	900	2.07	2.03	2.03	2.03	1	0:17:28.664239
45100	902	1237180.0	902	2.31	2.3	2.31	2.31	1	0:17:21.725048
45200	904	0	905	0.0	0.0	0.0	0.0	0	0:00:00.093246
45300	906	1186535.0	906	1.83	2.26	1.67	1.63	1	0:17:37.015422
45400	908	0	895	0.0	0.0	0.0	0.0	0	0:00:00.093400
45500	910	0	641	0.0	0.0	0.0	0.0	0	0:00:00.088636
45600	912	0	730	0.0	0.0	0.0	0.0	0	0:00:00.087330
45700	914	1245551.0	914	2.67	2.67	2.67	2.68	1	0:17:21.610077
45800	916	1250000.0	916	4.37	3.7	4.37	4.4	1	0:17:21.785052
45900	918	1213380.0	918	1.97	2.5	1.92	1.88	1	0:17:25.557087
46000	920	0	672	0.0	0.0	0.0	0.0	0	0:00:00.093206
46100	922	1244527.0	922	2.61	2.6	2.61	2.61	1	0:17:21.787665
46200	924	1110718.0	924	1.48	1.75	1.3	1.21	1	0:17:35.427843
46300	926	1250000.0	926	4.37	3.7	4.37	4.4	1	0:17:21.676163
46400	928	0	332	0.0	0.0	0.0	0.0	0	0:00:00.093208
46500	930	0	964	0.0	0.0	0.0	0.0	0	0:00:00.088993
46600	932	1036476.0	932	1.21	1.52	1.04	0.947	1	0:17:33.747101
46700	934	0	937	0.0	0.0	0.0	0.0	0	0:00:00.093285
46800	936	1094288.0	936	1.4	1.68	1.25	1.15	1	0:17:35.428981
46900	938	0	937	0.0	0.0	0.0	0.0	0	0:00:00.093266
47000	940	0	935	0.0	0.0	0.0	0.0	0	0:00:00.090894
47100	942	1249825.0	942	3.57	3.45	3.57	3.57	1	0:17:21.576297
47200	944	0	946	0.0	0.0	0.0	0.0	0	0:00:00.093147
47300	946	1249997.0	946	4.24	3.69	4.24	4.26	1	0:17:22.370267
47400	948	1210380.0	948	2.0	2.66	1.86	1.85	1	0:17:43.323421
47500	950	1176543.0	950	1.79	2.2	1.6	1.56	1	0:17:39.852477
47600	952	0	90	0.0	0.0	0.0	0.0	0	0:00:00.095684
47700	954	0	955	0.0	0.0	0.0	0.0	0	0:00:00.090797
47800	956	1199048.0	956	1.89	2.33	1.78	1.74	1	0:17:42.245241
47900	958	0	483	0.0	0.0	0.0	0.0	0	0:00:00.095004
48000	960	0	213	0.0	0.0	0.0	0.0	0	0:00:00.092413
48100	962	648560.0	962	0.0434	0.0434	0.07	0.0438	1	0:17:37.158044
48200	964	0	961	0.0	0.0	0.0	0.0	0	0:00:00.093358
48300	966	0	630	0.0	0.0	0.0	0.0	0	0:00:00.088676
48400	968	1052265.0	968	1.25	1.57	1.09	0.998	1	0:17:37.599851
48500	970	0	795	0.0	0.0	0.0	0.0	0	0:00:00.093728
48600	972	0	979	0.0	0.0	0.0	0.0	0	0:00:00.090969
48700	974	1249999.0	974	4.31	3.7	4.31	4.33	1	0:17:20.761399
48800	976	0	780	0.0	0.0	0.0	0.0	0	0:00:00.093143
48900	978	0	693	0.0	0.0	0.0	0.0	0	0:00:00.091577
49000	980	1249982.0	980	4.02	3.65	4.02	4.03	1	0:18:17.355442
49100	982	920924.0	982	0.896	1.21	0.727	0.63	1	0:17:37.704556
49200	984	1250000.0	984	4.37	3.7	4.37	4.4	1	0:17:23.398901
49300	986	1250000.0	986	4.37	3.7	4.37	4.4	1	0:17:27.995227
49400	988	0	113	0.0	0.0	0.0	0.0	0	0:00:00.092656
49500	990	0	952	0.0	0.0	0.0	0.0	0	0:00:00.086546
49600	992	1190954.0	992	1.82	2.32	1.7	1.67	1	0:17:38.597448
49700	994	1248564.0	994	3.02	3.0	3.02	3.02	1	0:17:25.908746
49800	996	829082.0	996	0.678	0.931	0.547	0.418	1	0:17:38.844517
49900	998	0	987	0.0	0.0	0.0	0.0	0	0:00:00.095105
