idx	label	count	predict	radius_LInf	radius_L2	radius_cohen	correct	time
1	8	3307007.0	8	0.019124727666906354	1.01	0.939	1	0:05:57.631094
2	8	3673275.0	8	0.026341606031776675	1.46	1.39	1	0:05:52.130622
3	0	0	8	0.0	0.0	0.0	0	0:00:00.020601
4	6	0	4	0.0	0.0	0.0	0	0:00:00.020443
5	6	3615883.0	6	0.02525907427704613	1.4	1.3	1	0:05:53.087728
6	1	1286922.0	-1	0.0	0.0	0.0	0	0:05:52.884224
7	6	0	4	0.0	0.0	0.0	0	0:00:00.020706
8	3	0	2	0.0	0.0	0.0	0	0:00:00.020467
9	1	0	9	0.0	0.0	0.0	0	0:00:00.020391
10	0	3012018.0	0	0.014271376966531064	0.754	0.682	1	0:05:58.502783
11	9	2853318.0	9	0.012449115179401305	0.648	0.561	1	0:05:57.896442
12	5	0	1	0.0	0.0	0.0	0	0:00:00.021027
13	7	3884012.0	7	0.03482143811049931	1.93	1.89	1	0:05:52.795215
14	9	3534382.0	9	0.02363527664495031	1.26	1.19	1	0:05:58.592417
15	8	2720455.0	8	0.010157756298554978	0.532	0.466	1	0:05:58.004821
16	5	2060945.0	5	0.000649519052838329	0.0436	0.0363	1	0:05:59.123663
17	7	1476179.0	-1	0.0	0.0	0.0	0	0:05:52.931021
18	8	3518068.0	8	0.02363527664495031	1.21	1.17	1	0:05:58.328063
19	6	3181973.0	6	0.01759114101437141	0.866	0.823	1	0:05:57.954686
20	7	1863574.0	-1	0.0	0.0	0.0	0	0:05:52.940564
21	0	2735718.0	0	0.01022992508220368	0.5	0.477	1	0:05:57.804852
22	4	0	0	0.0	0.0	0.0	0	0:00:00.020952
23	9	3538446.0	9	0.02363527664495031	1.31	1.2	1	0:05:52.841572
24	5	0	4	0.0	0.0	0.0	0	0:00:00.020681
25	2	2421755.0	2	0.006386937352910235	0.332	0.265	1	0:05:59.180587
26	4	1831286.0	-1	0.0	0.0	0.0	0	0:05:52.887635
27	0	0	7	0.0	0.0	0.0	0	0:00:00.020592
28	9	3337515.0	9	0.01966599354427163	1.04	0.969	1	0:05:59.205437
29	6	3410526.0	6	0.02128979117636745	1.14	1.05	1	0:05:57.022527
30	6	2443904.0	6	0.007198836168958147	0.343	0.28	1	0:05:57.877031
31	5	0	4	0.0	0.0	0.0	0	0:00:00.020994
32	4	1958298.0	-1	0.0	0.0	0.0	0	0:05:52.877484
33	5	0	3	0.0	0.0	0.0	0	0:00:00.020586
34	9	3913371.0	9	0.03788861141556919	2.1	2.02	1	0:05:53.355621
35	2	0	1	0.0	0.0	0.0	0	0:00:00.020694
36	4	0	6	0.0	0.0	0.0	0	0:00:00.020503
37	1	0	9	0.0	0.0	0.0	0	0:00:00.020489
38	9	1918616.0	-1	0.0	0.0	0.0	0	0:05:53.048133
39	5	0	8	0.0	0.0	0.0	0	0:00:00.020605
40	4	0	0	0.0	0.0	0.0	0	0:00:00.020436
41	6	3420147.0	6	0.021109369217245693	1.12	1.06	1	0:05:57.819612
42	5	0	3	0.0	0.0	0.0	0	0:00:00.020956
43	6	0	4	0.0	0.0	0.0	0	0:00:00.020494
44	0	2369852.0	0	0.0056652495164232035	0.287	0.232	1	0:05:58.433924
45	9	3248775.0	9	0.018222617871297565	0.937	0.884	1	0:05:58.162602
46	3	0	5	0.0	0.0	0.0	0	0:00:00.020962
47	9	0	8	0.0	0.0	0.0	0	0:00:00.020466
48	7	0	4	0.0	0.0	0.0	0	0:00:00.020444
49	6	1686686.0	-1	0.0	0.0	0.0	0	0:05:52.275734
50	9	3899413.0	9	0.036084391824351615	2.0	1.95	1	0:05:52.599019
51	8	2431259.0	8	0.006296726373349356	0.338	0.272	1	0:05:58.439931
52	0	0	6	0.0	0.0	0.0	0	0:00:00.020978
53	3	1192054.0	-1	0.0	0.0	0.0	0	0:05:52.977499
54	8	3885992.0	8	0.03518228202874282	1.95	1.9	1	0:05:53.248826
55	8	3442227.0	8	0.022011479012854482	1.14	1.08	1	0:05:57.555920
56	7	2604519.0	7	0.008750465017405265	0.422	0.386	1	0:05:57.931612
57	7	0	1	0.0	0.0	0.0	0	0:00:00.020759
58	4	0	2	0.0	0.0	0.0	0	0:00:00.020469
59	6	0	4	0.0	0.0	0.0	0	0:00:00.020450
60	7	3028250.0	7	0.01488481162754504	0.743	0.695	1	0:05:58.775358
61	3	2573035.0	3	0.008479832078722629	0.446	0.365	1	0:05:57.641704
62	6	0	1	0.0	0.0	0.0	0	0:00:00.020998
63	3	0	9	0.0	0.0	0.0	0	0:00:00.020471
64	6	2711856.0	6	0.010699022175920253	0.555	0.46	1	0:05:57.214777
65	2	0	4	0.0	0.0	0.0	0	0:00:00.021353
66	1	0	8	0.0	0.0	0.0	0	0:00:00.020457
67	2	0	0	0.0	0.0	0.0	0	0:00:00.020442
68	3	2008965.0	3	6.188473197876301e-05	0.00496	0.00368	1	0:06:00.059106
69	7	0	9	0.0	0.0	0.0	0	0:00:00.021103
70	2	0	0	0.0	0.0	0.0	0	0:00:00.020469
71	6	2458739.0	6	0.007487511303552959	0.394	0.29	1	0:05:58.751547
72	8	3580228.0	8	0.023996120563193824	1.32	1.25	1	0:05:57.970671
73	8	3725960.0	8	0.027965403663872502	1.55	1.48	1	0:05:52.361830
74	0	0	9	0.0	0.0	0.0	0	0:00:00.020655
75	2	0	6	0.0	0.0	0.0	0	0:00:00.020521
76	9	2140229.0	9	0.0015480204092646842	0.115	0.086	1	0:05:59.730415
77	3	2497459.0	3	0.007938566201357355	0.417	0.315	1	0:05:58.644498
78	3	2085666.0	3	0.000929173089477054	0.0648	0.0518	1	0:05:59.211096
79	8	3419491.0	8	0.021650635094610966	1.18	1.06	1	0:05:57.465379
80	8	3522534.0	8	0.023094010767585032	1.26	1.18	1	0:05:58.561435
81	1	3657943.0	1	0.02598076211353316	1.43	1.37	1	0:05:58.566823
82	1	3113342.0	1	0.016833368786060027	0.789	0.764	1	0:05:58.203672
83	7	1769100.0	-1	0.0	0.0	0.0	0	0:05:52.875858
84	2	3373508.0	2	0.02038768138075866	1.09	1.01	1	0:05:57.473853
85	5	0	7	0.0	0.0	0.0	0	0:00:00.021006
86	2	0	8	0.0	0.0	0.0	0	0:00:00.020430
87	7	0	8	0.0	0.0	0.0	0	0:00:00.020408
88	8	3718222.0	8	0.027965403663872502	1.55	1.47	1	0:05:51.687154
89	9	2089397.0	9	0.000972474359666276	0.0813	0.0541	1	0:05:59.115052
90	0	2337854.0	0	0.0051239836390579285	0.254	0.211	1	0:05:59.040547
91	3	0	6	0.0	0.0	0.0	0	0:00:00.021099
92	8	3688698.0	8	0.027243715827385467	1.48	1.42	1	0:05:58.292524
93	6	1705426.0	-1	0.0	0.0	0.0	0	0:05:52.692346
94	4	2208802.0	4	0.0025800340154411403	0.183	0.129	1	0:05:58.703499
95	6	1616469.0	-1	0.0	0.0	0.0	0	0:05:52.157722
96	6	2064446.0	6	0.0006892118838451157	0.0501	0.0385	1	0:05:59.743832
97	0	1821873.0	-1	0.0	0.0	0.0	0	0:05:52.474294
98	0	3999971.0	0	0.07595764479026014	4.21	4.22	1	0:05:52.987369
99	7	1912354.0	-1	0.0	0.0	0.0	0	0:05:53.160588
100	4	1363019.0	-1	0.0	0.0	0.0	0	0:05:52.940651
101	5	0	7	0.0	0.0	0.0	0	0:00:00.020710
102	6	2264860.0	6	0.0041497050598004355	0.191	0.165	1	0:05:58.816254
103	3	3841300.0	3	0.03247595264191645	1.8	1.75	1	0:05:52.966074
104	1	3871643.0	1	0.03409975027401227	1.89	1.85	1	0:05:52.854396
105	1	3976251.0	1	0.04528591173956127	2.51	2.51	1	0:05:52.429528
106	3	0	0	0.0	0.0	0.0	0	0:00:00.020736
107	6	3366403.0	6	0.020568103339880416	1.11	0.999	1	0:05:57.674837
108	8	2529339.0	8	0.0075235956953773105	0.384	0.336	1	0:05:57.950987
109	7	0	5	0.0	0.0	0.0	0	0:00:00.020916
110	4	1701670.0	-1	0.0	0.0	0.0	0	0:05:52.859406
111	0	3741593.0	0	0.02778498170475074	1.54	1.51	1	0:05:52.653834
112	6	3091740.0	6	0.0156606260517686	0.802	0.746	1	0:05:58.139461
113	2	2697836.0	2	0.010374262649501087	0.527	0.45	1	0:05:57.890918
114	1	1927443.0	-1	0.0	0.0	0.0	0	0:05:52.526971
115	3	2004454.0	3	1.0879444135042012e-05	0.000992	0.000854	1	0:06:00.285627
116	0	3220358.0	0	0.0173746346634253	0.907	0.858	1	0:05:58.542578
117	4	0	9	0.0	0.0	0.0	0	0:00:00.020916
118	2	1682819.0	-1	0.0	0.0	0.0	0	0:05:52.084806
119	7	0	5	0.0	0.0	0.0	0	0:00:00.020668
120	8	3319224.0	8	0.01984641550339339	1.04	0.951	1	0:05:58.043233
121	3	0	4	0.0	0.0	0.0	0	0:00:00.020976
122	1	2290110.0	1	0.004438380194395249	0.209	0.181	1	0:05:58.886594
123	2	2731970.0	2	0.010915528526866362	0.532	0.474	1	0:05:58.465591
124	8	2148177.0	8	0.0016959664157445258	0.109	0.0911	1	0:05:59.298957
125	0	0	6	0.0	0.0	0.0	0	0:00:00.021256
126	8	1680215.0	-1	0.0	0.0	0.0	0	0:05:52.846516
127	3	1749738.0	-1	0.0	0.0	0.0	0	0:05:53.009081
128	5	0	3	0.0	0.0	0.0	0	0:00:00.020613
129	2	1146341.0	-1	0.0	0.0	0.0	0	0:05:52.190232
130	4	0	2	0.0	0.0	0.0	0	0:00:00.020612
131	1	3103484.0	1	0.01587713240271471	0.798	0.756	1	0:05:57.684000
132	8	0	9	0.0	0.0	0.0	0	0:00:00.021011
133	9	3940279.0	9	0.03933198708854326	2.18	2.17	1	0:05:52.568821
134	1	0	3	0.0	0.0	0.0	0	0:00:00.020662
135	2	0	3	0.0	0.0	0.0	0	0:00:00.020455
136	9	3543805.0	9	0.023454854685828547	1.24	1.2	1	0:05:58.669200
137	7	2735925.0	7	0.010482515824974142	0.548	0.477	1	0:05:57.915396
138	2	1750782.0	-1	0.0	0.0	0.0	0	0:05:51.945728
139	9	0	8	0.0	0.0	0.0	0	0:00:00.020583
140	6	0	2	0.0	0.0	0.0	0	0:00:00.020486
141	5	2943431.0	5	0.013856406460551019	0.701	0.629	1	0:05:58.705962
142	6	3418017.0	6	0.022011479012854482	1.12	1.05	1	0:05:57.814505
143	3	0	5	0.0	0.0	0.0	0	0:00:00.020934
144	8	3561373.0	8	0.02363527664495031	1.3	1.23	1	0:05:57.399472
145	7	2243782.0	7	0.0033197640478403482	0.186	0.151	1	0:05:58.745172
146	6	3211698.0	6	0.018042195912175808	0.946	0.85	1	0:05:57.844182
147	2	0	5	0.0	0.0	0.0	0	0:00:00.020886
148	5	2417887.0	5	0.0056652495164232035	0.288	0.263	1	0:05:59.141882
149	2	0	3	0.0	0.0	0.0	0	0:00:00.021004
150	8	3636179.0	8	0.02525907427704613	1.4	1.33	1	0:05:52.154059
151	9	3752905.0	9	0.02886751345948129	1.6	1.54	1	0:05:51.731355
152	6	901209.0	-1	0.0	0.0	0.0	0	0:05:52.054386
153	0	2552760.0	0	0.008335494511425222	0.428	0.352	1	0:05:58.418802
154	0	2702058.0	0	0.009544321637541002	0.482	0.453	1	0:05:57.951395
155	5	0	6	0.0	0.0	0.0	0	0:00:00.020993
156	2	2980332.0	2	0.014343545750179766	0.729	0.657	1	0:05:58.240579
157	9	2663152.0	9	0.009399984070243596	0.473	0.426	1	0:05:58.288728
158	5	0	3	0.0	0.0	0.0	0	0:00:00.021044
159	4	0	0	0.0	0.0	0.0	0	0:00:00.020462
160	2	0	0	0.0	0.0	0.0	0	0:00:00.020419
161	1	1535953.0	-1	0.0	0.0	0.0	0	0:05:52.619168
162	6	0	1	0.0	0.0	0.0	0	0:00:00.020579
163	6	0	4	0.0	0.0	0.0	0	0:00:00.020445
164	8	0	9	0.0	0.0	0.0	0	0:00:00.020450
165	4	0	7	0.0	0.0	0.0	0	0:00:00.020450
166	8	3924607.0	8	0.03861029925205623	2.14	2.07	1	0:05:52.209841
167	4	0	6	0.0	0.0	0.0	0	0:00:00.020674
168	5	0	9	0.0	0.0	0.0	0	0:00:00.020473
169	0	3014164.0	0	0.0145420099052137	0.756	0.684	1	0:05:57.658281
170	9	1660317.0	-1	0.0	0.0	0.0	0	0:05:51.675134
171	9	0	7	0.0	0.0	0.0	0	0:00:00.020615
172	9	0	6	0.0	0.0	0.0	0	0:00:00.020463
173	8	2414971.0	8	0.006242599785612829	0.303	0.261	1	0:05:58.182763
174	9	2779457.0	9	0.011835680518387329	0.615	0.508	1	0:05:58.398541
175	9	3991421.0	9	0.05123983639057929	2.84	2.85	1	0:05:52.422638
176	3	0	0	0.0	0.0	0.0	0	0:00:00.020703
177	7	0	6	0.0	0.0	0.0	0	0:00:00.020463
178	5	0	3	0.0	0.0	0.0	0	0:00:00.020447
179	0	2617764.0	0	0.00938194187433142	0.486	0.395	1	0:05:58.822511
180	0	3144103.0	0	0.01686945317788438	0.862	0.791	1	0:05:57.961432
181	5	0	0	0.0	0.0	0.0	0	0:00:00.021052
182	2	0	6	0.0	0.0	0.0	0	0:00:00.020466
183	2	1840785.0	-1	0.0	0.0	0.0	0	0:05:52.473422
184	3	1280201.0	-1	0.0	0.0	0.0	0	0:05:52.736639
185	8	3491419.0	8	0.022733166849341516	1.19	1.14	1	0:05:58.195792
186	6	3443117.0	6	0.02219190097197624	1.14	1.08	1	0:05:58.027626
187	3	0	6	0.0	0.0	0.0	0	0:00:00.020951
188	4	0	6	0.0	0.0	0.0	0	0:00:00.020471
189	0	0	8	0.0	0.0	0.0	0	0:00:00.020463
190	5	0	4	0.0	0.0	0.0	0	0:00:00.020515
191	8	0	3	0.0	0.0	0.0	0	0:00:00.020434
192	0	0	2	0.0	0.0	0.0	0	0:00:00.020430
193	1	2542777.0	1	0.008281367923688695	0.401	0.345	1	0:05:58.847142
194	7	1658981.0	-1	0.0	0.0	0.0	0	0:05:52.899623
195	2	1737400.0	-1	0.0	0.0	0.0	0	0:05:52.177803
196	8	3531729.0	8	0.022733166849341516	1.23	1.19	1	0:05:57.737333
197	8	0	5	0.0	0.0	0.0	0	0:00:00.021022
198	7	3770348.0	7	0.028687091500359533	1.59	1.57	1	0:05:52.278064
199	8	1923311.0	-1	0.0	0.0	0.0	0	0:05:52.673358
200	5	0	3	0.0	0.0	0.0	0	0:00:03.138445
201	1	0	0	0.0	0.0	0.0	0	0:00:00.021266
202	8	2658496.0	8	0.009129351131560957	0.487	0.423	1	0:06:49.233207
203	7	2905109.0	7	0.01345947815048315	0.655	0.6	1	0:06:35.451800
204	1	3923846.0	1	0.03788861141556919	2.1	2.07	1	0:06:40.582624
205	3	0	5	0.0	0.0	0.0	0	0:00:00.020752
206	0	2042214.0	0	0.00043842536066587205	0.0295	0.0245	1	0:06:39.668734
207	5	0	4	0.0	0.0	0.0	0	0:00:00.020849
208	7	3339500.0	7	0.019485571585149873	1.02	0.971	1	0:06:32.750475
209	9	0	8	0.0	0.0	0.0	0	0:00:00.020907
210	7	0	6	0.0	0.0	0.0	0	0:00:00.020563
211	4	0	9	0.0	0.0	0.0	0	0:00:00.020578
212	5	0	3	0.0	0.0	0.0	0	0:00:00.020565
213	9	0	7	0.0	0.0	0.0	0	0:00:00.020583
214	8	2879821.0	8	0.012521283963050009	0.643	0.581	1	0:06:48.912577
215	0	0	2	0.0	0.0	0.0	0	0:00:00.020900
216	7	2474718.0	7	0.006819950054802455	0.328	0.3	1	0:06:31.176362
217	9	3074945.0	9	0.015389993113085962	0.793	0.733	1	0:06:29.201532
218	8	0	0	0.0	0.0	0.0	0	0:00:00.020842
219	2	1862758.0	-1	0.0	0.0	0.0	0	0:06:41.402042
220	7	3857549.0	7	0.033197640478403484	1.84	1.8	1	0:06:35.461566
221	6	2886972.0	6	0.01299038105676658	0.681	0.586	1	0:06:52.331815
222	9	3388735.0	9	0.020568103339880416	1.11	1.02	1	0:06:54.266835
223	4	0	6	0.0	0.0	0.0	0	0:00:00.020818
224	3	0	9	0.0	0.0	0.0	0	0:00:00.020602
225	9	3846568.0	9	0.033558484396647	1.86	1.77	1	0:06:49.652497
226	6	0	9	0.0	0.0	0.0	0	0:00:00.020753
227	4	0	2	0.0	0.0	0.0	0	0:00:00.020580
228	7	0	3	0.0	0.0	0.0	0	0:00:00.020533
229	6	0	7	0.0	0.0	0.0	0	0:00:00.020499
230	5	3754776.0	5	0.02886751345948129	1.58	1.54	1	0:06:57.603321
231	1	3839060.0	1	0.031934686764551176	1.77	1.74	1	0:06:51.285576
232	5	0	3	0.0	0.0	0.0	0	0:00:00.020746
233	8	0	4	0.0	0.0	0.0	0	0:00:00.020551
234	8	3038299.0	8	0.015389993113085962	0.792	0.703	1	0:06:56.972700
235	0	3996124.0	0	0.05556996340950148	3.08	3.08	1	0:06:50.642829
236	4	1824308.0	-1	0.0	0.0	0.0	0	0:06:52.782622
237	0	2843666.0	0	0.012322819808016076	0.634	0.554	1	0:06:58.166590
238	5	0	3	0.0	0.0	0.0	0	0:00:00.020955
239	5	0	3	0.0	0.0	0.0	0	0:00:00.020544
240	1	3932959.0	1	0.038971143170299746	2.16	2.12	1	0:06:51.296966
241	1	2610750.0	1	0.009237604307034013	0.461	0.391	1	0:06:58.280199
242	8	0	9	0.0	0.0	0.0	0	0:00:00.020865
243	9	3420611.0	9	0.02128979117636745	1.18	1.06	1	0:06:49.868647
244	0	3699904.0	0	0.027424137786507225	1.46	1.44	1	0:06:58.684562
245	3	0	1	0.0	0.0	0.0	0	0:00:00.020816
246	1	0	7	0.0	0.0	0.0	0	0:00:00.020555
247	9	0	8	0.0	0.0	0.0	0	0:00:00.020525
248	2	3067103.0	2	0.015606499464032073	0.819	0.726	1	0:06:37.808524
249	2	0	0	0.0	0.0	0.0	0	0:00:00.020842
250	5	0	7	0.0	0.0	0.0	0	0:00:00.020599
251	3	3457958.0	3	0.021831057053732724	1.19	1.1	1	0:06:50.594573
252	9	2490304.0	9	0.007343173736255553	0.371	0.31	1	0:06:56.165647
253	9	0	1	0.0	0.0	0.0	0	0:00:00.021031
254	4	0	6	0.0	0.0	0.0	0	0:00:00.020543
255	0	2368544.0	0	0.005520911949125797	0.291	0.231	1	0:06:57.207784
256	3	0	6	0.0	0.0	0.0	0	0:00:00.020881
257	0	3977665.0	0	0.04564675565780479	2.53	2.53	1	0:06:51.449320
258	0	0	8	0.0	0.0	0.0	0	0:00:00.020730
259	9	0	3	0.0	0.0	0.0	0	0:00:00.020554
260	8	0	3	0.0	0.0	0.0	0	0:00:00.020516
261	1	0	8	0.0	0.0	0.0	0	0:00:00.020556
262	5	0	3	0.0	0.0	0.0	0	0:00:00.020539
263	7	0	3	0.0	0.0	0.0	0	0:00:00.020530
264	0	2651932.0	0	0.009652574813014058	0.49	0.419	1	0:06:57.989139
265	8	3884282.0	8	0.03500186006962106	1.94	1.89	1	0:06:50.123737
266	2	0	8	0.0	0.0	0.0	0	0:00:00.020745
267	4	3725798.0	4	0.027965403663872502	1.55	1.48	1	0:06:51.250978
268	7	3594879.0	7	0.02435696448143734	1.35	1.27	1	0:06:52.825072
269	0	1975034.0	-1	0.0	0.0	0.0	0	0:06:51.595015
270	2	0	4	0.0	0.0	0.0	0	0:00:00.020698
271	3	1912761.0	-1	0.0	0.0	0.0	0	0:06:49.908432
272	6	3422102.0	6	0.021109369217245693	1.14	1.06	1	0:06:57.078989
273	3	0	2	0.0	0.0	0.0	0	0:00:00.020924
274	8	2676866.0	8	0.010211882886291506	0.497	0.436	1	0:06:57.250138
275	5	0	2	0.0	0.0	0.0	0	0:00:00.021050
276	0	0	1	0.0	0.0	0.0	0	0:00:00.020583
277	3	0	2	0.0	0.0	0.0	0	0:00:00.020519
278	4	0	7	0.0	0.0	0.0	0	0:00:00.020540
279	3	0	5	0.0	0.0	0.0	0	0:00:00.020521
280	9	3974215.0	9	0.04510548978043952	2.5	2.48	1	0:06:51.222994
281	0	0	9	0.0	0.0	0.0	0	0:00:00.020765
282	6	1664189.0	-1	0.0	0.0	0.0	0	0:06:52.384248
283	1	3819492.0	1	0.0313934208871859	1.74	1.69	1	0:06:52.732672
284	0	0	9	0.0	0.0	0.0	0	0:00:00.020787
285	9	3874999.0	9	0.034641016151377546	1.92	1.86	1	0:06:52.949763
286	1	2250161.0	1	0.003680607966083864	0.189	0.155	1	0:06:58.717571
287	0	0	8	0.0	0.0	0.0	0	0:00:00.020924
288	7	2449463.0	7	0.0066756124875050485	0.313	0.284	1	0:06:57.960533
289	9	3906578.0	9	0.036806079660838646	2.04	1.98	1	0:06:51.636736
290	1	3990333.0	1	0.05069857051321402	2.81	2.81	1	0:06:52.700856
291	2	1817658.0	-1	0.0	0.0	0.0	0	0:06:52.490276
292	6	2773877.0	6	0.011474836600143814	0.594	0.504	1	0:06:58.358479
293	9	0	1	0.0	0.0	0.0	0	0:00:00.020908
294	3	3079361.0	3	0.015552372876295545	0.827	0.736	1	0:06:45.599232
295	4	0	2	0.0	0.0	0.0	0	0:00:00.020838
296	6	0	4	0.0	0.0	0.0	0	0:00:00.020578
297	0	3998998.0	0	0.062245575897006536	3.45	3.45	1	0:06:48.830392
298	0	3891591.0	0	0.03572354790610809	1.98	1.92	1	0:06:52.217276
299	6	1888669.0	-1	0.0	0.0	0.0	0	0:06:52.628248
300	6	2294026.0	6	0.004420337998483072	0.223	0.183	1	0:06:56.031663
301	6	2947444.0	6	0.013856406460551019	0.721	0.632	1	0:06:34.856883
302	3	0	2	0.0	0.0	0.0	0	0:00:00.020916
303	2	0	5	0.0	0.0	0.0	0	0:00:00.020598
304	6	1692118.0	-1	0.0	0.0	0.0	0	0:06:47.607471
305	1	0	8	0.0	0.0	0.0	0	0:00:00.020728
306	8	0	9	0.0	0.0	0.0	0	0:00:00.020540
307	2	2690848.0	2	0.010067545318994101	0.521	0.445	1	0:06:56.990582
308	1	3870152.0	1	0.03428017223313403	1.9	1.84	1	0:06:51.350041
309	6	0	4	0.0	0.0	0.0	0	0:00:00.020708
310	8	3667173.0	8	0.026341606031776675	1.44	1.38	1	0:06:59.061033
311	6	3846142.0	6	0.033378062437525245	1.85	1.77	1	0:06:51.240994
312	8	0	0	0.0	0.0	0.0	0	0:00:00.020753
313	0	3884725.0	0	0.03518228202874282	1.95	1.89	1	0:06:50.797899
314	4	0	2	0.0	0.0	0.0	0	0:00:00.020761
315	0	3984455.0	0	0.04781181916726589	2.65	2.65	1	0:06:31.840953
316	7	0	5	0.0	0.0	0.0	0	0:00:00.020766
317	7	2303185.0	7	0.0044744645862196	0.227	0.189	1	0:06:55.423772
318	5	2636763.0	5	0.009237604307034013	0.472	0.408	1	0:06:55.727007
319	5	0	4	0.0	0.0	0.0	0	0:00:00.021077
320	3	1425425.0	-1	0.0	0.0	0.0	0	0:06:51.199910
321	5	3184885.0	5	0.017446803447074003	0.901	0.826	1	0:06:58.786912
322	2	0	6	0.0	0.0	0.0	0	0:00:00.020869
323	3	0	6	0.0	0.0	0.0	0	0:00:00.020576
324	4	0	3	0.0	0.0	0.0	0	0:00:00.020606
325	1	1822048.0	-1	0.0	0.0	0.0	0	0:06:48.812784
326	7	0	2	0.0	0.0	0.0	0	0:00:00.020688
327	5	0	3	0.0	0.0	0.0	0	0:00:00.020548
328	4	0	9	0.0	0.0	0.0	0	0:00:00.020527
329	6	0	3	0.0	0.0	0.0	0	0:00:00.020528
330	1	0	8	0.0	0.0	0.0	0	0:00:00.020491
331	9	3980072.0	9	0.04636844349429182	2.57	2.57	1	0:06:37.650713
332	3	0	6	0.0	0.0	0.0	0	0:00:00.020758
333	6	2509570.0	6	0.007884439613620828	0.401	0.323	1	0:06:57.349769
334	6	3565385.0	6	0.023996120563193824	1.32	1.23	1	0:06:57.098131
335	9	1729545.0	-1	0.0	0.0	0.0	0	0:06:48.935262
336	3	1837876.0	-1	0.0	0.0	0.0	0	0:06:47.461612
337	8	3467215.0	8	0.022011479012854482	1.2	1.11	1	0:06:33.716233
338	0	3622693.0	0	0.02525907427704613	1.4	1.31	1	0:06:33.923706
339	7	2233245.0	7	0.003247595264191645	0.174	0.145	1	0:06:55.974319
340	2	0	4	0.0	0.0	0.0	0	0:00:00.020905
341	6	2389763.0	6	0.006224557589700652	0.308	0.245	1	0:06:34.745256
342	2	0	0	0.0	0.0	0.0	0	0:00:00.020866
343	5	0	7	0.0	0.0	0.0	0	0:00:00.020541
344	8	3647712.0	8	0.02598076211353316	1.44	1.35	1	0:06:37.585778
345	5	0	3	0.0	0.0	0.0	0	0:00:00.020715
346	4	0	7	0.0	0.0	0.0	0	0:00:00.020533
347	6	2650253.0	6	0.00938194187433142	0.482	0.417	1	0:06:44.643941
348	8	3933171.0	8	0.038790721211177985	2.15	2.12	1	0:06:48.875046
349	9	2153989.0	9	0.0021109369217245694	0.131	0.0947	1	0:06:56.602259
350	9	2645926.0	9	0.009652574813014058	0.48	0.415	1	0:06:47.911338
351	1	2729050.0	1	0.010500558020886319	0.508	0.472	1	0:06:40.794761
352	0	0	8	0.0	0.0	0.0	0	0:00:00.020886
353	2	3973283.0	2	0.04456422390307425	2.47	2.47	1	0:06:49.643968
354	2	0	6	0.0	0.0	0.0	0	0:00:00.020789
355	7	0	3	0.0	0.0	0.0	0	0:00:00.020540
356	3	0	2	0.0	0.0	0.0	0	0:00:00.020567
357	2	0	7	0.0	0.0	0.0	0	0:00:00.020543
358	8	0	1	0.0	0.0	0.0	0	0:00:00.020533
359	0	1929834.0	-1	0.0	0.0	0.0	0	0:06:52.300621
360	9	1704052.0	-1	0.0	0.0	0.0	0	0:06:52.304715
361	5	3600586.0	5	0.024717808399680855	1.33	1.28	1	0:06:58.576258
362	8	3993851.0	8	0.053224477940918634	2.95	2.95	1	0:06:51.604099
363	1	0	8	0.0	0.0	0.0	0	0:00:00.020727
364	9	3187499.0	9	0.01686945317788438	0.897	0.828	1	0:06:49.779257
365	4	0	0	0.0	0.0	0.0	0	0:00:00.020838
366	1	0	7	0.0	0.0	0.0	0	0:00:00.020520
367	3	0	1	0.0	0.0	0.0	0	0:00:00.020549
368	8	0	0	0.0	0.0	0.0	0	0:00:00.020508
369	1	2619051.0	1	0.0089489291724392	0.467	0.396	1	0:06:31.917540
370	4	0	6	0.0	0.0	0.0	0	0:00:00.020867
371	7	3853694.0	7	0.03265637460103821	1.81	1.79	1	0:06:33.559584
372	9	2761107.0	9	0.010987697310515066	0.568	0.495	1	0:06:53.552819
373	4	0	2	0.0	0.0	0.0	0	0:00:00.020896
374	2	3555968.0	2	0.02435696448143734	1.27	1.22	1	0:06:42.343096
375	7	1455424.0	-1	0.0	0.0	0.0	0	0:06:43.668740
376	0	0	8	0.0	0.0	0.0	0	0:00:00.020744
377	7	0	4	0.0	0.0	0.0	0	0:00:00.020531
378	0	0	6	0.0	0.0	0.0	0	0:00:00.020528
379	6	3796955.0	6	0.03067173305069887	1.7	1.63	1	0:06:49.758007
380	6	2139860.0	6	0.001544411970082249	0.119	0.0858	1	0:06:56.392205
381	9	3630107.0	9	0.025439496236167886	1.41	1.32	1	0:06:35.829648
382	0	3846019.0	0	0.03229553068279469	1.79	1.76	1	0:06:49.541548
383	9	0	0	0.0	0.0	0.0	0	0:00:00.020804
384	2	3030026.0	2	0.015678668247680775	0.794	0.696	1	0:06:57.049234
385	8	0	0	0.0	0.0	0.0	0	0:00:00.020951
386	7	2032382.0	7	0.00032656374601038214	0.0234	0.0184	1	0:06:49.820430
387	2	0	4	0.0	0.0	0.0	0	0:00:00.020834
388	2	2520005.0	2	0.007992692789093881	0.395	0.33	1	0:06:40.160980
389	5	2882549.0	5	0.012936254469030052	0.645	0.583	1	0:06:55.155054
390	1	3695234.0	1	0.02706329386826371	1.5	1.43	1	0:06:50.717803
391	2	0	0	0.0	0.0	0.0	0	0:00:00.020745
392	6	3535365.0	6	0.023454854685828547	1.28	1.19	1	0:06:51.649117
393	2	0	7	0.0	0.0	0.0	0	0:00:00.020868
394	9	1622673.0	-1	0.0	0.0	0.0	0	0:06:38.024448
395	6	2125280.0	6	0.0013784237676902314	0.0989	0.0766	1	0:06:54.877823
396	2	3065010.0	2	0.015389993113085962	0.811	0.724	1	0:06:56.004272
397	3	2998155.0	3	0.014686347472511106	0.777	0.671	1	0:06:57.040109
398	0	0	8	0.0	0.0	0.0	0	0:00:00.020871
399	3	0	1	0.0	0.0	0.0	0	0:00:00.020575
