idx	label	count	predict	radiusR	radius_L1	radius_L2	radius_cohen	correct	time
1	8	165047.0	8	0.0	1.54	0.984	0.925	1	0:00:24.118880
2	8	183607.0	8	0.0	1.96	1.43	1.38	1	0:00:25.048970
3	0	0	8	0.0	0.0	0.0	0.0	0	0:00:00.021019
4	6	91533.0	-1	0.0	0.0	0.0	0.0	0	0:00:17.938716
5	6	181205.0	6	0.0	1.81	1.38	1.3	1	0:00:24.094889
6	1	0	3	0.0	0.0	0.0	0.0	0	0:00:00.020736
7	6	0	4	0.0	0.0	0.0	0.0	0	0:00:00.020443
8	3	0	2	0.0	0.0	0.0	0.0	0	0:00:00.020407
9	1	0	9	0.0	0.0	0.0	0.0	0	0:00:00.020433
10	0	150294.0	0	0.0	1.27	0.734	0.67	1	0:00:24.379187
11	9	142817.0	9	0.0	1.1	0.634	0.556	1	0:00:23.881290
12	5	0	6	0.0	0.0	0.0	0.0	0	0:00:00.020679
13	7	194218.0	7	0.0	1.88	1.88	1.88	1	0:00:18.633339
14	9	176697.0	9	0.0	1.76	1.24	1.18	1	0:00:24.663616
15	8	135833.0	8	0.0	1.03	0.515	0.456	1	0:00:23.946171
16	5	103069.0	5	0.0	0.0291	0.0346	0.0298	1	0:00:24.997843
17	7	0	3	0.0	0.0	0.0	0.0	0	0:00:00.020928
18	8	175730.0	8	0.0	1.85	1.19	1.16	1	0:00:24.745584
19	6	159094.0	6	0.0	1.52	0.851	0.816	1	0:00:24.070137
20	7	93307.0	-1	0.0	0.0	0.0	0.0	0	0:00:18.067150
21	0	136884.0	0	0.0	1.21	0.489	0.471	1	0:00:24.538793
22	4	0	0	0.0	0.0	0.0	0.0	0	0:00:00.020811
23	9	176784.0	9	0.0	1.68	1.28	1.18	1	0:00:24.536302
24	5	0	2	0.0	0.0	0.0	0.0	0	0:00:00.020706
25	2	121047.0	2	0.0	0.721	0.318	0.258	1	0:00:23.637497
26	4	91833.0	-1	0.0	0.0	0.0	0.0	0	0:00:18.095482
27	0	0	7	0.0	0.0	0.0	0.0	0	0:00:00.020573
28	9	166920.0	9	0.0	1.58	1.02	0.962	1	0:00:24.506126
29	6	170686.0	6	0.0	1.58	1.12	1.04	1	0:00:24.399433
30	6	121992.0	6	0.0	0.733	0.326	0.27	1	0:00:23.723403
31	5	0	2	0.0	0.0	0.0	0.0	0	0:00:00.020700
32	4	97641.0	-1	0.0	0.0	0.0	0.0	0	0:00:18.091025
33	5	0	3	0.0	0.0	0.0	0.0	0	0:00:00.020517
34	9	195697.0	9	0.0	2.0	2.0	2.0	1	0:00:18.770778
35	2	0	1	0.0	0.0	0.0	0.0	0	0:00:00.020682
36	4	0	6	0.0	0.0	0.0	0.0	0	0:00:00.020446
37	1	0	9	0.0	0.0	0.0	0.0	0	0:00:00.020468
38	9	95858.0	-1	0.0	0.0	0.0	0.0	0	0:00:18.197406
39	5	0	8	0.0	0.0	0.0	0.0	0	0:00:00.020559
40	4	0	0	0.0	0.0	0.0	0.0	0	0:00:00.020452
41	6	171060.0	6	0.0	1.66	1.1	1.05	1	0:00:24.674780
42	5	0	7	0.0	0.0	0.0	0.0	0	0:00:00.020688
43	6	0	4	0.0	0.0	0.0	0.0	0	0:00:00.020447
44	0	118261.0	0	0.0	0.653	0.271	0.222	1	0:00:24.089318
45	9	162321.0	9	0.0	1.54	0.918	0.874	1	0:00:24.087889
46	3	0	5	0.0	0.0	0.0	0.0	0	0:00:00.020713
47	9	0	8	0.0	0.0	0.0	0.0	0	0:00:00.020440
48	7	0	4	0.0	0.0	0.0	0.0	0	0:00:00.020437
49	6	84040.0	-1	0.0	0.0	0.0	0.0	0	0:00:17.982482
50	9	194957.0	9	0.0	1.94	1.94	1.94	1	0:00:28.477036
51	8	121504.0	8	0.0	0.737	0.324	0.264	1	0:00:23.546443
52	0	0	6	0.0	0.0	0.0	0.0	0	0:00:00.020735
53	3	59494.0	-1	0.0	0.0	0.0	0.0	0	0:00:17.961788
54	8	194127.0	8	0.0	1.87	1.87	1.87	1	0:00:18.602426
55	8	172238.0	8	0.0	1.74	1.12	1.07	1	0:00:24.619841
56	7	130597.0	7	0.0	0.985	0.414	0.384	1	0:00:24.077100
57	7	0	1	0.0	0.0	0.0	0.0	0	0:00:00.020670
58	4	0	2	0.0	0.0	0.0	0.0	0	0:00:00.020435
59	6	0	2	0.0	0.0	0.0	0.0	0	0:00:00.020456
60	7	151192.0	7	0.0	1.35	0.724	0.684	1	0:00:24.512760
61	3	128523.0	3	0.0	0.854	0.43	0.357	1	0:00:23.947483
62	6	0	1	0.0	0.0	0.0	0.0	0	0:00:00.020723
63	3	0	9	0.0	0.0	0.0	0.0	0	0:00:00.020452
64	6	135799.0	6	0.0	0.967	0.545	0.456	1	0:00:23.843323
65	2	64147.0	-1	0.0	0.0	0.0	0.0	0	0:00:18.043380
66	1	78033.0	-1	0.0	0.0	0.0	0.0	0	0:00:18.118764
67	2	0	0	0.0	0.0	0.0	0.0	0	0:00:00.020513
68	3	100337.0	-1	0.0	0.0	0.0	0.0	0	0:00:18.161701
69	7	0	9	0.0	0.0	0.0	0.0	0	0:00:00.020551
70	2	0	0	0.0	0.0	0.0	0.0	0	0:00:00.020450
71	6	123209.0	6	0.0	0.734	0.384	0.286	1	0:00:23.773363
72	8	179043.0	8	0.0	1.81	1.3	1.24	1	0:00:24.790348
73	8	186380.0	8	0.0	2.06	1.52	1.48	1	0:00:25.291648
74	0	0	9	0.0	0.0	0.0	0.0	0	0:00:00.020721
75	2	106416.0	2	0.0	0.335	0.0854	0.0718	1	0:00:24.441082
76	9	106859.0	9	0.0	0.333	0.101	0.0774	1	0:00:24.510022
77	3	124629.0	3	0.0	0.768	0.397	0.305	1	0:00:23.850833
78	3	104527.0	3	0.0	0.205	0.0585	0.0481	1	0:00:24.686074
79	8	170719.0	8	0.0	1.53	1.16	1.04	1	0:00:24.117877
80	8	175954.0	8	0.0	1.71	1.24	1.16	1	0:00:24.564357
81	1	182853.0	1	0.0	1.95	1.4	1.36	1	0:00:25.074582
82	1	155609.0	1	0.0	1.55	0.774	0.756	1	0:00:24.707742
83	7	88748.0	-1	0.0	0.0	0.0	0.0	0	0:00:18.076540
84	2	168851.0	2	0.0	1.58	1.07	1.0	1	0:00:24.510637
85	5	0	7	0.0	0.0	0.0	0.0	0	0:00:00.020748
86	2	0	3	0.0	0.0	0.0	0.0	0	0:00:00.020451
87	7	0	8	0.0	0.0	0.0	0.0	0	0:00:00.020445
88	8	185865.0	8	0.0	1.98	1.52	1.46	1	0:00:24.545517
89	9	104494.0	9	0.0	0.14	0.0691	0.0477	1	0:00:24.556744
90	0	117495.0	0	0.0	0.658	0.25	0.212	1	0:00:24.164590
91	3	0	4	0.0	0.0	0.0	0.0	0	0:00:00.020791
92	8	184619.0	8	0.0	2.01	1.45	1.41	1	0:00:25.182125
93	6	85407.0	-1	0.0	0.0	0.0	0.0	0	0:00:18.096526
94	4	110350.0	4	0.0	0.435	0.168	0.121	1	0:00:24.218616
95	6	0	3	0.0	0.0	0.0	0.0	0	0:00:00.020721
96	6	102961.0	6	0.0	0.0278	0.0358	0.0285	1	0:00:25.073561
97	0	91478.0	-1	0.0	0.0	0.0	0.0	0	0:00:18.091633
98	0	199998.0	0	0.0	3.6	3.85	3.86	1	0:00:28.649448
99	7	95951.0	-1	0.0	0.0	0.0	0.0	0	0:00:18.071086
100	4	68575.0	-1	0.0	0.0	0.0	0.0	0	0:00:18.163111
101	5	0	7	0.0	0.0	0.0	0.0	0	0:00:00.020679
102	6	113128.0	6	0.0	0.544	0.178	0.157	1	0:00:24.248885
103	3	191965.0	3	0.0	2.47	1.75	1.73	1	0:00:25.102429
104	1	193604.0	1	0.0	1.83	1.83	1.84	1	0:00:18.656132
105	1	198824.0	1	0.0	2.48	2.49	2.49	1	0:00:28.560431
106	3	0	0	0.0	0.0	0.0	0.0	0	0:00:00.020769
107	6	168405.0	6	0.0	1.51	1.09	0.992	1	0:00:24.044028
108	8	126587.0	8	0.0	0.883	0.373	0.331	1	0:00:23.900896
109	7	0	5	0.0	0.0	0.0	0.0	0	0:00:00.020784
110	4	85099.0	-1	0.0	0.0	0.0	0.0	0	0:00:18.064438
111	0	186972.0	0	0.0	2.36	1.51	1.5	1	0:00:25.590183
112	6	154407.0	6	0.0	1.38	0.785	0.736	1	0:00:24.092754
113	2	135437.0	2	0.0	0.986	0.52	0.451	1	0:00:23.870085
114	1	96374.0	-1	0.0	0.0	0.0	0.0	0	0:00:18.097677
115	3	100237.0	-1	0.0	0.0	0.0	0.0	0	0:00:18.175475
116	0	161346.0	0	0.0	1.54	0.897	0.856	1	0:00:24.413411
117	4	0	9	0.0	0.0	0.0	0.0	0	0:00:00.020734
118	2	84089.0	-1	0.0	0.0	0.0	0.0	0	0:00:18.109168
119	7	0	5	0.0	0.0	0.0	0.0	0	0:00:00.020525
120	8	165780.0	8	0.0	1.5	1.02	0.94	1	0:00:24.173836
121	3	0	4	0.0	0.0	0.0	0.0	0	0:00:00.020718
122	1	114354.0	1	0.0	0.593	0.195	0.172	1	0:00:24.136937
123	2	136250.0	2	0.0	1.04	0.513	0.462	1	0:00:24.056944
124	8	0	0	0.0	0.0	0.0	0.0	0	0:00:00.020643
125	0	0	6	0.0	0.0	0.0	0.0	0	0:00:00.020508
126	8	83778.0	-1	0.0	0.0	0.0	0.0	0	0:00:18.070984
127	3	87346.0	-1	0.0	0.0	0.0	0.0	0	0:00:18.148811
128	5	0	3	0.0	0.0	0.0	0.0	0	0:00:00.020575
129	2	0	6	0.0	0.0	0.0	0.0	0	0:00:00.020490
130	4	105385.0	4	0.0	0.233	0.086	0.0589	1	0:00:24.463671
131	1	154959.0	1	0.0	1.44	0.781	0.745	1	0:00:24.731545
132	8	0	9	0.0	0.0	0.0	0.0	0	0:00:00.020983
133	9	197000.0	9	0.0	2.14	2.15	2.15	1	0:00:28.529958
134	1	0	6	0.0	0.0	0.0	0.0	0	0:00:00.020763
135	2	0	3	0.0	0.0	0.0	0.0	0	0:00:00.020515
136	9	177352.0	9	0.0	1.98	1.22	1.2	1	0:00:25.129392
137	7	137021.0	7	0.0	1.04	0.536	0.473	1	0:00:23.949284
138	2	0	6	0.0	0.0	0.0	0.0	0	0:00:00.020771
139	9	0	8	0.0	0.0	0.0	0.0	0	0:00:00.020510
140	6	86569.0	-1	0.0	0.0	0.0	0.0	0	0:00:18.074626
141	5	147367.0	5	0.0	1.22	0.689	0.624	1	0:00:24.407169
142	6	170894.0	6	0.0	1.66	1.1	1.05	1	0:00:24.602078
143	3	0	5	0.0	0.0	0.0	0.0	0	0:00:00.020923
144	8	178062.0	8	0.0	1.79	1.28	1.22	1	0:00:24.712202
145	7	112139.0	7	0.0	0.514	0.173	0.144	1	0:00:24.189077
146	6	160512.0	6	0.0	1.4	0.926	0.841	1	0:00:24.087966
147	2	0	5	0.0	0.0	0.0	0.0	0	0:00:00.020766
148	5	120996.0	5	0.0	0.798	0.278	0.257	1	0:00:24.428137
149	2	0	3	0.0	0.0	0.0	0.0	0	0:00:00.020911
150	8	181650.0	8	0.0	1.89	1.37	1.32	1	0:00:25.036351
151	9	187661.0	9	0.0	2.11	1.57	1.53	1	0:00:24.846145
152	6	45286.0	-1	0.0	0.0	0.0	0.0	0	0:00:18.077167
153	0	127332.0	0	0.0	0.837	0.409	0.341	1	0:00:24.019931
154	0	134994.0	0	0.0	1.15	0.468	0.445	1	0:00:24.393865
155	5	0	6	0.0	0.0	0.0	0.0	0	0:00:00.020705
156	2	148540.0	2	0.0	1.23	0.708	0.642	1	0:00:24.403532
157	9	132849.0	9	0.0	1.02	0.455	0.415	1	0:00:24.150514
158	5	0	3	0.0	0.0	0.0	0.0	0	0:00:00.020679
159	4	0	0	0.0	0.0	0.0	0.0	0	0:00:00.020434
160	2	0	0	0.0	0.0	0.0	0.0	0	0:00:00.020447
161	1	0	9	0.0	0.0	0.0	0.0	0	0:00:00.020398
162	6	0	1	0.0	0.0	0.0	0.0	0	0:00:00.020480
163	6	71070.0	-1	0.0	0.0	0.0	0.0	0	0:00:18.090499
164	8	0	9	0.0	0.0	0.0	0.0	0	0:00:00.020579
165	4	0	7	0.0	0.0	0.0	0.0	0	0:00:00.020446
166	8	196333.0	8	0.0	2.07	2.07	2.07	1	0:00:28.665672
167	4	0	6	0.0	0.0	0.0	0.0	0	0:00:00.020790
168	5	0	7	0.0	0.0	0.0	0.0	0	0:00:00.020446
169	0	150582.0	0	0.0	1.28	0.739	0.674	1	0:00:24.490130
170	9	82959.0	-1	0.0	0.0	0.0	0.0	0	0:00:18.075295
171	9	0	7	0.0	0.0	0.0	0.0	0	0:00:00.020514
172	9	0	6	0.0	0.0	0.0	0.0	0	0:00:00.020468
173	8	120807.0	8	0.0	0.739	0.292	0.255	1	0:00:24.381940
174	9	138908.0	9	0.0	1.02	0.599	0.5	1	0:00:24.027898
175	9	199557.0	9	0.0	2.78	2.8	2.8	1	0:00:28.573548
176	3	0	0	0.0	0.0	0.0	0.0	0	0:00:00.020812
177	7	80088.0	-1	0.0	0.0	0.0	0.0	0	0:00:18.061997
178	5	0	3	0.0	0.0	0.0	0.0	0	0:00:00.020571
179	0	130670.0	0	0.0	0.887	0.468	0.385	1	0:00:24.011116
180	0	157308.0	0	0.0	1.4	0.847	0.785	1	0:00:24.110046
181	5	0	7	0.0	0.0	0.0	0.0	0	0:00:00.020739
182	2	0	6	0.0	0.0	0.0	0.0	0	0:00:00.020495
183	2	91891.0	-1	0.0	0.0	0.0	0.0	0	0:00:18.110698
184	3	63772.0	-1	0.0	0.0	0.0	0.0	0	0:00:18.191659
185	8	174635.0	8	0.0	1.81	1.17	1.13	1	0:00:24.852978
186	6	172042.0	6	0.0	1.71	1.12	1.07	1	0:00:24.693490
187	3	0	6	0.0	0.0	0.0	0.0	0	0:00:00.020698
188	4	0	6	0.0	0.0	0.0	0.0	0	0:00:00.020398
189	0	0	8	0.0	0.0	0.0	0.0	0	0:00:00.020455
190	5	0	4	0.0	0.0	0.0	0.0	0	0:00:00.020387
191	8	0	1	0.0	0.0	0.0	0.0	0	0:00:00.020396
192	0	0	2	0.0	0.0	0.0	0.0	0	0:00:00.020417
193	1	126970.0	1	0.0	0.849	0.385	0.336	1	0:00:23.941480
194	7	0	6	0.0	0.0	0.0	0.0	0	0:00:00.020698
195	2	0	4	0.0	0.0	0.0	0.0	0	0:00:00.020455
196	8	176382.0	8	0.0	1.89	1.2	1.17	1	0:00:24.983223
197	8	0	5	0.0	0.0	0.0	0.0	0	0:00:00.020697
198	7	188524.0	7	0.0	2.67	1.57	1.56	1	0:00:19.718466
199	8	96643.0	-1	0.0	0.0	0.0	0.0	0	0:00:18.032685
200	5	0	3	0.0	0.0	0.0	0.0	0	0:00:00.020496
201	1	0	0	0.0	0.0	0.0	0.0	0	0:00:00.020469
202	8	132550.0	8	0.0	0.965	0.469	0.411	1	0:00:23.954445
203	7	145155.0	7	0.0	1.18	0.641	0.591	1	0:00:24.137447
204	1	196239.0	1	0.0	2.06	2.06	2.06	1	0:00:28.499969
205	3	0	5	0.0	0.0	0.0	0.0	0	0:00:00.021013
206	0	0	8	0.0	0.0	0.0	0.0	0	0:00:00.020449
207	5	0	4	0.0	0.0	0.0	0.0	0	0:00:00.020451
208	7	166735.0	7	0.0	1.65	0.999	0.958	1	0:00:24.489045
209	9	0	8	0.0	0.0	0.0	0.0	0	0:00:00.020679
210	7	0	6	0.0	0.0	0.0	0.0	0	0:00:00.020473
211	4	0	9	0.0	0.0	0.0	0.0	0	0:00:00.020451
212	5	0	3	0.0	0.0	0.0	0.0	0	0:00:00.020500
213	9	0	7	0.0	0.0	0.0	0.0	0	0:00:00.020477
214	8	143713.0	8	0.0	1.18	0.625	0.569	1	0:00:24.211443
215	0	0	2	0.0	0.0	0.0	0.0	0	0:00:00.020784
216	7	123816.0	7	0.0	0.873	0.317	0.294	1	0:00:24.482121
217	9	153838.0	9	0.0	1.36	0.78	0.727	1	0:00:23.999490
218	8	0	0	0.0	0.0	0.0	0.0	0	0:00:00.020816
219	2	92905.0	-1	0.0	0.0	0.0	0.0	0	0:00:18.060461
220	7	192981.0	7	0.0	2.76	1.8	1.79	1	0:00:19.880023
221	6	144488.0	6	0.0	1.12	0.667	0.581	1	0:00:24.094087
222	9	169556.0	9	0.0	1.58	1.09	1.02	1	0:00:24.477364
223	4	51320.0	-1	0.0	0.0	0.0	0.0	0	0:00:18.094183
224	3	0	9	0.0	0.0	0.0	0.0	0	0:00:00.020558
225	9	192409.0	9	0.0	2.24	1.81	1.76	1	0:00:25.143577
226	6	0	9	0.0	0.0	0.0	0.0	0	0:00:00.020919
227	4	0	2	0.0	0.0	0.0	0.0	0	0:00:00.020519
228	7	0	3	0.0	0.0	0.0	0.0	0	0:00:00.020521
229	6	0	5	0.0	0.0	0.0	0.0	0	0:00:00.020447
230	5	187762.0	5	0.0	2.25	1.55	1.53	1	0:00:25.598369
231	1	191974.0	1	0.0	1.73	1.73	1.73	1	0:00:18.656820
232	5	0	3	0.0	0.0	0.0	0.0	0	0:00:00.020622
233	8	0	4	0.0	0.0	0.0	0.0	0	0:00:00.020481
234	8	152071.0	8	0.0	1.26	0.778	0.698	1	0:00:23.934077
235	0	199811.0	0	0.0	3.01	3.04	3.04	1	0:00:28.607457
236	4	90858.0	-1	0.0	0.0	0.0	0.0	0	0:00:18.050239
237	0	142095.0	0	0.0	1.1	0.619	0.546	1	0:00:24.121155
238	5	0	3	0.0	0.0	0.0	0.0	0	0:00:00.020774
239	5	0	3	0.0	0.0	0.0	0.0	0	0:00:00.020482
240	1	196639.0	1	0.0	2.1	2.1	2.1	1	0:00:28.605199
241	1	130451.0	1	0.0	0.896	0.445	0.383	1	0:00:23.876587
242	8	0	9	0.0	0.0	0.0	0.0	0	0:00:00.020761
243	9	171003.0	9	0.0	1.54	1.16	1.05	1	0:00:24.213526
244	0	185077.0	0	0.0	2.34	1.44	1.43	1	0:00:25.168233
245	3	44569.0	-1	0.0	0.0	0.0	0.0	0	0:00:18.092400
246	1	0	7	0.0	0.0	0.0	0.0	0	0:00:00.020580
247	9	0	8	0.0	0.0	0.0	0.0	0	0:00:00.020506
248	2	153441.0	2	0.0	1.28	0.805	0.72	1	0:00:24.018605
249	2	0	0	0.0	0.0	0.0	0.0	0	0:00:00.020680
250	5	0	2	0.0	0.0	0.0	0.0	0	0:00:00.020495
251	3	173025.0	3	0.0	1.65	1.17	1.09	1	0:00:24.523416
252	9	125014.0	9	0.0	0.813	0.363	0.31	1	0:00:23.950762
253	9	54819.0	-1	0.0	0.0	0.0	0.0	0	0:00:18.082977
254	4	0	6	0.0	0.0	0.0	0.0	0	0:00:00.020566
255	0	118269.0	0	0.0	0.663	0.276	0.222	1	0:00:24.210445
256	3	0	6	0.0	0.0	0.0	0.0	0	0:00:00.020699
257	0	198867.0	0	0.0	2.49	2.5	2.5	1	0:00:28.562061
258	0	0	8	0.0	0.0	0.0	0.0	0	0:00:00.020821
259	9	0	3	0.0	0.0	0.0	0.0	0	0:00:00.020448
260	8	0	3	0.0	0.0	0.0	0.0	0	0:00:00.020426
261	1	0	9	0.0	0.0	0.0	0.0	0	0:00:00.020454
262	5	0	3	0.0	0.0	0.0	0.0	0	0:00:00.020471
263	7	0	3	0.0	0.0	0.0	0.0	0	0:00:00.020522
264	0	132459.0	0	0.0	0.948	0.474	0.41	1	0:00:23.901320
265	8	194074.0	8	0.0	2.84	1.87	1.87	1	0:00:19.890452
266	2	0	3	0.0	0.0	0.0	0.0	0	0:00:00.020658
267	4	186490.0	4	0.0	2.05	1.53	1.48	1	0:00:24.631985
268	7	179657.0	7	0.0	1.83	1.32	1.26	1	0:00:24.767544
269	0	98635.0	-1	0.0	0.0	0.0	0.0	0	0:00:18.079790
270	2	0	4	0.0	0.0	0.0	0.0	0	0:00:00.020548
271	3	95697.0	-1	0.0	0.0	0.0	0.0	0	0:00:18.168425
272	6	171074.0	6	0.0	1.63	1.11	1.05	1	0:00:24.573130
273	3	0	2	0.0	0.0	0.0	0.0	0	0:00:00.020944
274	8	133972.0	8	0.0	0.995	0.486	0.431	1	0:00:23.966992
275	5	0	2	0.0	0.0	0.0	0.0	0	0:00:00.020680
276	0	0	1	0.0	0.0	0.0	0.0	0	0:00:00.020539
277	3	0	2	0.0	0.0	0.0	0.0	0	0:00:00.020391
278	4	0	7	0.0	0.0	0.0	0.0	0	0:00:00.020422
279	3	0	5	0.0	0.0	0.0	0.0	0	0:00:00.020451
280	9	198735.0	9	0.0	2.46	2.46	2.46	1	0:00:28.500602
281	0	0	9	0.0	0.0	0.0	0.0	0	0:00:00.021012
282	6	82956.0	-1	0.0	0.0	0.0	0.0	0	0:00:17.982255
283	1	190956.0	1	0.0	2.39	1.7	1.68	1	0:00:25.777989
284	0	0	8	0.0	0.0	0.0	0.0	0	0:00:00.020953
285	9	193661.0	9	0.0	2.71	1.85	1.84	1	0:00:19.701916
286	1	112741.0	1	0.0	0.536	0.181	0.152	1	0:00:24.091189
287	0	0	8	0.0	0.0	0.0	0.0	0	0:00:00.020795
288	7	122352.0	7	0.0	0.806	0.299	0.275	1	0:00:24.372305
289	9	195313.0	9	0.0	1.97	1.97	1.97	1	0:00:18.604454
290	1	199514.0	1	0.0	2.76	2.77	2.77	1	0:00:28.520920
291	2	90967.0	-1	0.0	0.0	0.0	0.0	0	0:00:18.022111
292	6	138521.0	6	0.0	1.03	0.576	0.494	1	0:00:23.925886
293	9	0	1	0.0	0.0	0.0	0.0	0	0:00:00.020728
294	3	153862.0	3	0.0	1.3	0.806	0.727	1	0:00:23.964929
295	4	0	2	0.0	0.0	0.0	0.0	0	0:00:00.020702
296	6	0	4	0.0	0.0	0.0	0.0	0	0:00:00.020424
297	0	199962.0	0	0.0	3.34	3.42	3.43	1	0:00:28.523643
298	0	194490.0	0	0.0	2.85	1.9	1.9	1	0:00:19.821003
299	6	94294.0	-1	0.0	0.0	0.0	0.0	0	0:00:18.087487
300	6	114239.0	6	0.0	0.56	0.205	0.171	1	0:00:24.303760
301	6	147201.0	6	0.0	1.19	0.701	0.622	1	0:00:24.384910
302	3	0	2	0.0	0.0	0.0	0.0	0	0:00:00.020897
303	2	0	5	0.0	0.0	0.0	0.0	0	0:00:00.020457
304	6	84592.0	-1	0.0	0.0	0.0	0.0	0	0:00:18.106746
305	1	0	8	0.0	0.0	0.0	0.0	0	0:00:00.020594
306	8	0	9	0.0	0.0	0.0	0.0	0	0:00:00.020437
307	2	134053.0	2	0.0	0.971	0.501	0.432	1	0:00:24.037508
308	1	193350.0	1	0.0	2.54	1.83	1.82	1	0:00:25.002195
309	6	0	4	0.0	0.0	0.0	0.0	0	0:00:00.020708
310	8	183218.0	8	0.0	1.99	1.41	1.37	1	0:00:25.224016
311	6	192305.0	6	0.0	2.29	1.79	1.75	1	0:00:25.143423
312	8	0	0	0.0	0.0	0.0	0.0	0	0:00:00.020750
313	0	194324.0	0	0.0	1.88	1.89	1.89	1	0:00:18.628469
314	4	0	2	0.0	0.0	0.0	0.0	0	0:00:00.020623
315	0	199207.0	0	0.0	2.61	2.62	2.62	1	0:00:28.621936
316	7	0	5	0.0	0.0	0.0	0.0	0	0:00:00.020765
317	7	115405.0	7	0.0	0.609	0.218	0.186	1	0:00:24.099912
318	5	131995.0	5	0.0	0.955	0.461	0.403	1	0:00:23.925347
319	5	0	3	0.0	0.0	0.0	0.0	0	0:00:00.020735
320	3	71402.0	-1	0.0	0.0	0.0	0.0	0	0:00:18.118902
321	5	159332.0	5	0.0	1.41	0.887	0.82	1	0:00:24.161842
322	2	0	6	0.0	0.0	0.0	0.0	0	0:00:00.020702
323	3	0	6	0.0	0.0	0.0	0.0	0	0:00:00.020458
324	4	0	3	0.0	0.0	0.0	0.0	0	0:00:00.020426
325	1	90964.0	-1	0.0	0.0	0.0	0.0	0	0:00:18.144933
326	7	0	2	0.0	0.0	0.0	0.0	0	0:00:00.020585
327	5	0	3	0.0	0.0	0.0	0.0	0	0:00:00.020434
328	4	0	9	0.0	0.0	0.0	0.0	0	0:00:00.020432
329	6	0	3	0.0	0.0	0.0	0.0	0	0:00:00.020415
330	1	0	8	0.0	0.0	0.0	0.0	0	0:00:00.020471
331	9	198959.0	9	0.0	2.52	2.53	2.53	1	0:00:28.659235
332	3	0	6	0.0	0.0	0.0	0.0	0	0:00:00.020995
333	6	125118.0	6	0.0	0.779	0.381	0.311	1	0:00:23.842097
334	6	178177.0	6	0.0	1.74	1.3	1.22	1	0:00:24.561582
335	9	86622.0	-1	0.0	0.0	0.0	0.0	0	0:00:18.013683
336	3	91870.0	-1	0.0	0.0	0.0	0.0	0	0:00:18.073739
337	8	173360.0	8	0.0	1.65	1.18	1.1	1	0:00:24.543299
338	0	181115.0	0	0.0	1.83	1.37	1.3	1	0:00:24.863646
339	7	111727.0	7	0.0	0.508	0.163	0.139	1	0:00:24.059642
340	2	0	4	0.0	0.0	0.0	0.0	0	0:00:00.020713
341	6	119490.0	6	0.0	0.664	0.295	0.238	1	0:00:24.075562
342	2	0	0	0.0	0.0	0.0	0.0	0	0:00:00.020811
343	5	0	7	0.0	0.0	0.0	0.0	0	0:00:00.020460
344	8	182361.0	8	0.0	1.85	1.41	1.34	1	0:00:24.263773
345	5	82732.0	-1	0.0	0.0	0.0	0.0	0	0:00:18.051264
346	4	0	7	0.0	0.0	0.0	0.0	0	0:00:00.020577
347	6	132717.0	6	0.0	0.97	0.471	0.413	1	0:00:23.976837
348	8	196726.0	8	0.0	2.11	2.11	2.11	1	0:00:28.560202
349	9	107872.0	9	0.0	0.385	0.121	0.0901	1	0:00:23.840565
350	9	132009.0	9	0.0	0.943	0.464	0.404	1	0:00:24.007573
351	1	136279.0	1	0.0	1.11	0.493	0.463	1	0:00:24.076622
352	0	0	8	0.0	0.0	0.0	0.0	0	0:00:00.020671
353	2	198693.0	2	0.0	2.44	2.45	2.45	1	0:00:28.555346
354	2	0	6	0.0	0.0	0.0	0.0	0	0:00:00.020844
355	7	0	3	0.0	0.0	0.0	0.0	0	0:00:00.020543
356	3	0	2	0.0	0.0	0.0	0.0	0	0:00:00.020449
357	2	0	7	0.0	0.0	0.0	0.0	0	0:00:00.020415
358	8	0	1	0.0	0.0	0.0	0.0	0	0:00:00.020480
359	0	96763.0	-1	0.0	0.0	0.0	0.0	0	0:00:18.024363
360	9	85185.0	-1	0.0	0.0	0.0	0.0	0	0:00:18.115980
361	5	179842.0	5	0.0	1.9	1.31	1.27	1	0:00:25.164619
362	8	199721.0	8	0.0	2.91	2.93	2.93	1	0:00:28.619386
363	1	0	8	0.0	0.0	0.0	0.0	0	0:00:00.020774
364	9	159304.0	9	0.0	1.45	0.878	0.819	1	0:00:24.043435
365	4	0	0	0.0	0.0	0.0	0.0	0	0:00:00.020711
366	1	0	7	0.0	0.0	0.0	0.0	0	0:00:00.020438
367	3	0	1	0.0	0.0	0.0	0.0	0	0:00:00.020444
368	8	0	0	0.0	0.0	0.0	0.0	0	0:00:00.020463
369	1	131383.0	1	0.0	0.936	0.458	0.395	1	0:00:23.936989
370	4	0	6	0.0	0.0	0.0	0.0	0	0:00:00.020669
371	7	192471.0	7	0.0	1.76	1.76	1.76	1	0:00:28.541571
372	9	137868.0	9	0.0	1.05	0.55	0.485	1	0:00:23.926421
373	4	0	2	0.0	0.0	0.0	0.0	0	0:00:00.020719
374	2	177681.0	2	0.0	1.84	1.25	1.21	1	0:00:24.768392
375	7	72400.0	-1	0.0	0.0	0.0	0.0	0	0:00:18.078617
376	0	0	8	0.0	0.0	0.0	0.0	0	0:00:00.020589
377	7	0	4	0.0	0.0	0.0	0.0	0	0:00:00.020470
378	0	0	8	0.0	0.0	0.0	0.0	0	0:00:00.020438
379	6	190002.0	6	0.0	2.19	1.67	1.63	1	0:00:25.026443
380	6	107160.0	6	0.0	0.353	0.11	0.0812	1	0:00:23.948237
381	9	181553.0	9	0.0	1.83	1.39	1.32	1	0:00:24.908978
382	0	192296.0	0	0.0	1.75	1.75	1.75	1	0:00:21.850960
383	9	0	0	0.0	0.0	0.0	0.0	0	0:00:00.020659
384	2	151280.0	2	0.0	1.22	0.776	0.685	1	0:00:23.840750
385	8	0	0	0.0	0.0	0.0	0.0	0	0:00:00.020924
386	7	101424.0	7	0.0	0.00849	0.0108	0.00918	1	0:00:25.538787
387	2	0	4	0.0	0.0	0.0	0.0	0	0:00:00.020775
388	2	126412.0	2	0.0	0.824	0.387	0.328	1	0:00:23.974961
389	5	144402.0	5	0.0	1.18	0.633	0.58	1	0:00:24.177633
390	1	184698.0	1	0.0	1.99	1.46	1.42	1	0:00:25.183984
391	2	0	0	0.0	0.0	0.0	0.0	0	0:00:00.020949
392	6	176465.0	6	0.0	1.72	1.25	1.18	1	0:00:24.632385
393	2	0	7	0.0	0.0	0.0	0.0	0	0:00:00.020695
394	9	80847.0	-1	0.0	0.0	0.0	0.0	0	0:00:18.080229
395	6	106604.0	6	0.0	0.329	0.0932	0.0742	1	0:00:24.415044
396	2	153220.0	2	0.0	1.3	0.793	0.717	1	0:00:23.996960
397	3	150192.0	3	0.0	1.21	0.763	0.668	1	0:00:23.812761
398	0	0	8	0.0	0.0	0.0	0.0	0	0:00:00.020746
399	3	0	1	0.0	0.0	0.0	0.0	0	0:00:00.020471
400	9	168497.0	9	0.0	1.66	1.03	0.994	1	0:00:24.589069
401	8	0	1	0.0	0.0	0.0	0.0	0	0:00:00.020776
402	7	0	6	0.0	0.0	0.0	0.0	0	0:00:00.020513
403	8	172463.0	8	0.0	1.78	1.12	1.08	1	0:00:24.724682
404	8	136073.0	8	0.0	1.02	0.515	0.46	1	0:00:24.018447
405	4	0	6	0.0	0.0	0.0	0.0	0	0:00:00.020772
406	0	199993.0	0	0.0	3.54	3.71	3.72	1	0:00:28.567570
407	1	112965.0	1	0.0	0.521	0.202	0.155	1	0:00:24.041978
408	8	98939.0	-1	0.0	0.0	0.0	0.0	0	0:00:18.052083
409	2	155233.0	2	0.0	1.38	0.802	0.75	1	0:00:24.094576
410	7	0	8	0.0	0.0	0.0	0.0	0	0:00:00.020706
411	9	0	0	0.0	0.0	0.0	0.0	0	0:00:00.020475
412	3	0	5	0.0	0.0	0.0	0.0	0	0:00:00.020469
413	6	136199.0	6	0.0	1.03	0.513	0.461	1	0:00:24.085012
414	1	115390.0	1	0.0	0.64	0.205	0.185	1	0:00:24.235155
415	9	191541.0	9	0.0	2.47	1.72	1.71	1	0:00:25.623323
416	0	0	3	0.0	0.0	0.0	0.0	0	0:00:00.020712
417	7	0	1	0.0	0.0	0.0	0.0	0	0:00:00.020466
418	3	0	5	0.0	0.0	0.0	0.0	0	0:00:00.020464
419	7	131684.0	7	0.0	0.948	0.459	0.399	1	0:00:23.907253
420	4	131336.0	4	0.0	0.915	0.463	0.394	1	0:00:23.842524
421	5	0	3	0.0	0.0	0.0	0.0	0	0:00:00.020698
422	0	0	8	0.0	0.0	0.0	0.0	0	0:00:00.020486
423	0	54588.0	-1	0.0	0.0	0.0	0.0	0	0:00:18.083503
424	2	127178.0	2	0.0	0.805	0.432	0.339	1	0:00:23.972763
425	9	139321.0	9	0.0	1.11	0.552	0.506	1	0:00:24.198784
426	3	0	5	0.0	0.0	0.0	0.0	0	0:00:00.020692
427	4	67800.0	-1	0.0	0.0	0.0	0.0	0	0:00:18.108064
428	0	0	1	0.0	0.0	0.0	0.0	0	0:00:00.020558
429	6	199465.0	6	0.0	2.73	2.74	2.74	1	0:00:28.659676
430	2	0	4	0.0	0.0	0.0	0.0	0	0:00:00.020811
431	5	195565.0	5	0.0	1.99	1.99	1.99	1	0:00:28.535156
432	3	0	5	0.0	0.0	0.0	0.0	0	0:00:00.020941
433	7	0	9	0.0	0.0	0.0	0.0	0	0:00:00.020453
434	3	0	9	0.0	0.0	0.0	0.0	0	0:00:00.020378
435	7	113955.0	7	0.0	0.559	0.205	0.167	1	0:00:24.047638
436	2	0	3	0.0	0.0	0.0	0.0	0	0:00:00.020746
437	5	0	4	0.0	0.0	0.0	0.0	0	0:00:00.020480
438	3	156219.0	3	0.0	1.31	0.861	0.766	1	0:00:23.934810
439	1	0	9	0.0	0.0	0.0	0.0	0	0:00:00.020828
440	1	165050.0	1	0.0	1.51	0.993	0.925	1	0:00:24.129075
441	4	91846.0	-1	0.0	0.0	0.0	0.0	0	0:00:18.105567
442	9	199398.0	9	0.0	2.69	2.7	2.71	1	0:00:28.611050
443	9	96305.0	-1	0.0	0.0	0.0	0.0	0	0:00:18.085723
444	5	0	3	0.0	0.0	0.0	0.0	0	0:00:00.020583
445	7	0	4	0.0	0.0	0.0	0.0	0	0:00:00.020484
446	5	0	6	0.0	0.0	0.0	0.0	0	0:00:00.020476
447	0	196755.0	0	0.0	2.11	2.12	2.12	1	0:00:28.600633
448	2	189376.0	2	0.0	2.15	1.64	1.6	1	0:00:24.941580
449	2	0	0	0.0	0.0	0.0	0.0	0	0:00:00.020991
450	2	0	6	0.0	0.0	0.0	0.0	0	0:00:00.020478
451	9	127075.0	9	0.0	0.891	0.373	0.337	1	0:00:23.917017
452	7	190697.0	7	0.0	2.53	1.67	1.66	1	0:00:25.431842
453	3	0	2	0.0	0.0	0.0	0.0	0	0:00:00.021057
454	9	113421.0	9	0.0	0.563	0.19	0.16	1	0:00:24.141245
455	4	0	2	0.0	0.0	0.0	0.0	0	0:00:00.020773
456	3	0	2	0.0	0.0	0.0	0.0	0	0:00:00.020475
457	5	0	7	0.0	0.0	0.0	0.0	0	0:00:00.020402
458	4	0	6	0.0	0.0	0.0	0.0	0	0:00:00.020471
459	6	0	9	0.0	0.0	0.0	0.0	0	0:00:00.020474
460	5	153371.0	5	0.0	1.34	0.777	0.719	1	0:00:24.044655
461	6	164517.0	6	0.0	1.44	1.01	0.915	1	0:00:24.016778
462	1	189966.0	1	0.0	2.27	1.66	1.63	1	0:00:25.002138
463	4	68048.0	-1	0.0	0.0	0.0	0.0	0	0:00:18.080527
464	3	50445.0	-1	0.0	0.0	0.0	0.0	0	0:00:18.146667
465	4	0	6	0.0	0.0	0.0	0.0	0	0:00:00.020575
466	4	0	7	0.0	0.0	0.0	0.0	0	0:00:00.020428
467	3	0	6	0.0	0.0	0.0	0.0	0	0:00:00.020443
468	7	193363.0	7	0.0	2.94	1.82	1.82	1	0:00:19.979341
469	8	143913.0	8	0.0	1.2	0.622	0.572	1	0:00:24.523492
470	3	0	5	0.0	0.0	0.0	0.0	0	0:00:00.020712
471	7	78119.0	-1	0.0	0.0	0.0	0.0	0	0:00:18.143892
472	8	197161.0	8	0.0	2.17	2.17	2.17	1	0:00:28.673752
473	0	85079.0	-1	0.0	0.0	0.0	0.0	0	0:00:18.084944
474	5	189116.0	5	0.0	2.08	1.65	1.59	1	0:00:24.699082
475	7	179486.0	7	0.0	1.9	1.29	1.26	1	0:00:25.001957
476	6	113176.0	6	0.0	0.55	0.192	0.157	1	0:00:24.029935
477	0	0	8	0.0	0.0	0.0	0.0	0	0:00:00.020818
478	5	0	2	0.0	0.0	0.0	0.0	0	0:00:00.020505
479	4	63517.0	-1	0.0	0.0	0.0	0.0	0	0:00:18.056832
480	8	0	9	0.0	0.0	0.0	0.0	0	0:00:00.020570
481	6	184128.0	6	0.0	1.99	1.44	1.4	1	0:00:25.247695
482	8	142187.0	8	0.0	1.14	0.609	0.547	1	0:00:24.072477
483	5	0	2	0.0	0.0	0.0	0.0	0	0:00:00.020742
484	5	46512.0	-1	0.0	0.0	0.0	0.0	0	0:00:18.065802
485	9	0	8	0.0	0.0	0.0	0.0	0	0:00:00.020595
486	9	195987.0	9	0.0	2.94	2.03	2.03	1	0:00:19.946538
487	9	135505.0	9	0.0	0.987	0.525	0.452	1	0:00:23.994792
488	5	0	8	0.0	0.0	0.0	0.0	0	0:00:00.020926
489	0	194620.0	0	0.0	1.91	1.91	1.91	1	0:00:18.702074
490	1	174765.0	1	0.0	1.69	1.21	1.13	1	0:00:24.648834
491	0	0	7	0.0	0.0	0.0	0.0	0	0:00:00.020824
492	8	106521.0	8	0.0	0.343	0.087	0.0731	1	0:00:24.327700
493	1	153878.0	1	0.0	1.37	0.776	0.727	1	0:00:24.641391
494	1	0	8	0.0	0.0	0.0	0.0	0	0:00:00.020788
495	8	182464.0	8	0.0	1.96	1.38	1.34	1	0:00:25.063647
496	0	0	8	0.0	0.0	0.0	0.0	0	0:00:00.020755
497	2	190495.0	2	0.0	2.48	1.66	1.65	1	0:00:25.132668
498	2	157855.0	2	0.0	1.33	0.89	0.794	1	0:00:23.943397
499	0	199216.0	0	0.0	2.61	2.62	2.62	1	0:00:28.497364
500	4	0	6	0.0	0.0	0.0	0.0	0	0:00:00.021091
501	6	176443.0	6	0.0	1.72	1.24	1.17	1	0:00:24.502609
502	5	108071.0	5	0.0	0.357	0.117	0.0926	1	0:00:24.433147
503	4	0	6	0.0	0.0	0.0	0.0	0	0:00:00.020905
504	9	160344.0	9	0.0	1.37	0.933	0.838	1	0:00:23.993990
505	4	0	2	0.0	0.0	0.0	0.0	0	0:00:00.020737
506	7	0	3	0.0	0.0	0.0	0.0	0	0:00:00.020447
507	9	91452.0	-1	0.0	0.0	0.0	0.0	0	0:00:18.071286
508	9	0	3	0.0	0.0	0.0	0.0	0	0:00:00.020538
509	4	164634.0	4	0.0	1.46	1.01	0.917	1	0:00:24.128810
510	5	176111.0	5	0.0	1.83	1.21	1.17	1	0:00:24.762654
511	6	174030.0	6	0.0	1.69	1.18	1.12	1	0:00:24.577831
512	6	138307.0	6	0.0	1.06	0.552	0.491	1	0:00:24.008903
513	1	0	9	0.0	0.0	0.0	0.0	0	0:00:00.020750
514	5	150790.0	5	0.0	1.3	0.725	0.678	1	0:00:24.523047
515	3	0	6	0.0	0.0	0.0	0.0	0	0:00:00.020776
516	8	193966.0	8	0.0	2.56	1.87	1.86	1	0:00:24.993538
517	9	115916.0	9	0.0	0.614	0.23	0.192	1	0:00:24.015404
518	5	0	7	0.0	0.0	0.0	0.0	0	0:00:00.020781
519	8	194269.0	8	0.0	1.88	1.88	1.88	1	0:00:28.554914
520	5	117713.0	5	0.0	0.713	0.237	0.215	1	0:00:24.063695
521	7	154615.0	7	0.0	1.42	0.778	0.739	1	0:00:24.661857
522	0	148543.0	0	0.0	1.22	0.713	0.642	1	0:00:24.329671
523	7	131825.0	7	0.0	1.05	0.427	0.401	1	0:00:24.100926
524	0	187598.0	0	0.0	2.32	1.54	1.52	1	0:00:25.626342
525	5	0	6	0.0	0.0	0.0	0.0	0	0:00:00.020726
526	0	0	4	0.0	0.0	0.0	0.0	0	0:00:00.020470
527	0	195961.0	0	0.0	2.03	2.03	2.03	1	0:00:28.518966
528	4	0	0	0.0	0.0	0.0	0.0	0	0:00:00.021136
529	6	173207.0	6	0.0	1.63	1.18	1.1	1	0:00:24.372151
530	9	137855.0	9	0.0	1.01	0.571	0.485	1	0:00:23.933323
531	0	0	8	0.0	0.0	0.0	0.0	0	0:00:00.020816
532	9	90900.0	-1	0.0	0.0	0.0	0.0	0	0:00:18.053759
533	5	166045.0	5	0.0	1.68	0.975	0.945	1	0:00:24.607051
534	6	134318.0	6	0.0	0.959	0.521	0.435	1	0:00:23.943185
535	6	124388.0	6	0.0	0.796	0.361	0.302	1	0:00:23.880041
536	6	106636.0	6	0.0	0.336	0.0866	0.0746	1	0:00:24.338477
537	2	0	6	0.0	0.0	0.0	0.0	0	0:00:00.020696
538	9	0	8	0.0	0.0	0.0	0.0	0	0:00:00.020486
539	0	108905.0	0	0.0	0.409	0.142	0.103	1	0:00:24.082627
540	1	0	9	0.0	0.0	0.0	0.0	0	0:00:00.020779
541	7	141320.0	7	0.0	1.1	0.6	0.534	1	0:00:24.093763
542	6	196241.0	6	0.0	2.06	2.06	2.06	1	0:00:28.579753
543	7	106274.0	7	0.0	0.326	0.0809	0.07	1	0:00:24.406991
544	5	175258.0	5	0.0	1.88	1.17	1.15	1	0:00:24.776798
545	9	179421.0	9	0.0	1.7	1.37	1.25	1	0:00:23.920872
546	1	195406.0	1	0.0	1.97	1.98	1.98	1	0:00:28.529276
547	6	124972.0	6	0.0	0.773	0.394	0.309	1	0:00:23.900837
548	2	0	6	0.0	0.0	0.0	0.0	0	0:00:00.020719
549	5	0	8	0.0	0.0	0.0	0.0	0	0:00:00.020472
550	5	0	2	0.0	0.0	0.0	0.0	0	0:00:00.020433
551	5	0	2	0.0	0.0	0.0	0.0	0	0:00:00.020399
552	8	148798.0	8	0.0	1.27	0.699	0.646	1	0:00:24.485153
553	5	0	3	0.0	0.0	0.0	0.0	0	0:00:00.020843
554	9	107504.0	9	0.0	0.352	0.112	0.0855	1	0:00:24.402240
555	4	0	8	0.0	0.0	0.0	0.0	0	0:00:00.020729
556	6	134058.0	6	0.0	1.02	0.478	0.432	1	0:00:24.041803
557	4	100142.0	-1	0.0	0.0	0.0	0.0	0	0:00:18.085062
558	3	186109.0	3	0.0	1.94	1.54	1.47	1	0:00:24.518847
559	2	104125.0	2	0.0	0.202	0.057	0.0431	1	0:00:24.284822
560	0	186221.0	0	0.0	2.19	1.49	1.47	1	0:00:25.580612
561	7	158840.0	7	0.0	1.39	0.886	0.811	1	0:00:24.044648
562	6	91034.0	-1	0.0	0.0	0.0	0.0	0	0:00:18.089474
563	2	0	6	0.0	0.0	0.0	0.0	0	0:00:00.020579
564	2	0	4	0.0	0.0	0.0	0.0	0	0:00:00.020484
565	3	0	5	0.0	0.0	0.0	0.0	0	0:00:00.020471
566	9	162401.0	9	0.0	1.43	0.963	0.875	1	0:00:24.119339
567	7	0	6	0.0	0.0	0.0	0.0	0	0:00:00.020734
568	9	165330.0	9	0.0	1.45	1.03	0.931	1	0:00:24.121982
569	2	0	4	0.0	0.0	0.0	0.0	0	0:00:00.020717
570	6	120133.0	6	0.0	0.738	0.282	0.246	1	0:00:24.238404
571	7	199446.0	7	0.0	2.72	2.73	2.73	1	0:00:28.572114
572	1	0	9	0.0	0.0	0.0	0.0	0	0:00:00.020736
573	3	0	1	0.0	0.0	0.0	0.0	0	0:00:00.020434
574	6	174388.0	6	0.0	1.88	1.15	1.12	1	0:00:24.792139
575	6	153733.0	6	0.0	1.27	0.813	0.725	1	0:00:23.847498
576	8	174101.0	8	0.0	1.75	1.17	1.12	1	0:00:24.681701
577	9	0	8	0.0	0.0	0.0	0.0	0	0:00:00.020792
578	7	0	4	0.0	0.0	0.0	0.0	0	0:00:00.020490
579	5	0	9	0.0	0.0	0.0	0.0	0	0:00:00.020448
580	4	135670.0	4	0.0	0.979	0.54	0.454	1	0:00:23.879541
581	0	148853.0	0	0.0	1.15	0.777	0.647	1	0:00:23.516946
582	8	0	0	0.0	0.0	0.0	0.0	0	0:00:00.020669
583	4	0	8	0.0	0.0	0.0	0.0	0	0:00:00.020474
584	0	189299.0	0	0.0	2.2	1.63	1.6	1	0:00:24.872668
585	9	0	1	0.0	0.0	0.0	0.0	0	0:00:00.020691
586	3	0	6	0.0	0.0	0.0	0.0	0	0:00:00.020429
587	4	94139.0	-1	0.0	0.0	0.0	0.0	0	0:00:18.070571
588	8	151385.0	8	0.0	1.28	0.754	0.687	1	0:00:23.953625
589	9	123314.0	9	0.0	0.734	0.377	0.288	1	0:00:23.670986
590	6	190762.0	6	0.0	2.39	1.68	1.67	1	0:00:25.706359
591	9	113432.0	9	0.0	0.551	0.202	0.16	1	0:00:24.028512
592	2	187841.0	2	0.0	2.21	1.56	1.53	1	0:00:25.489803
593	6	134927.0	6	0.0	0.975	0.521	0.444	1	0:00:23.948754
594	1	0	9	0.0	0.0	0.0	0.0	0	0:00:00.021070
595	4	0	1	0.0	0.0	0.0	0.0	0	0:00:00.020439
596	7	0	6	0.0	0.0	0.0	0.0	0	0:00:00.020429
597	3	0	1	0.0	0.0	0.0	0.0	0	0:00:00.020442
598	5	0	3	0.0	0.0	0.0	0.0	0	0:00:00.020401
599	3	0	6	0.0	0.0	0.0	0.0	0	0:00:00.020449
600	8	136983.0	8	0.0	1.03	0.53	0.472	1	0:00:23.960320
601	5	173007.0	5	0.0	1.76	1.13	1.09	1	0:00:24.622533
602	0	154617.0	0	0.0	1.38	0.79	0.739	1	0:00:24.017745
603	2	105726.0	2	0.0	0.298	0.0883	0.0632	1	0:00:24.336590
604	1	196978.0	1	0.0	2.14	2.14	2.15	1	0:00:28.566837
605	6	182512.0	6	0.0	1.86	1.41	1.34	1	0:00:25.004035
606	4	0	1	0.0	0.0	0.0	0.0	0	0:00:00.021009
607	3	125832.0	3	0.0	0.832	0.379	0.321	1	0:00:23.881572
608	3	119202.0	3	0.0	0.676	0.291	0.234	1	0:00:24.166437
609	9	186438.0	9	0.0	2.38	1.49	1.48	1	0:00:25.162853
610	6	166063.0	6	0.0	1.52	1.02	0.945	1	0:00:24.119762
611	9	144653.0	9	0.0	1.18	0.642	0.583	1	0:00:24.282534
612	8	86983.0	-1	0.0	0.0	0.0	0.0	0	0:00:18.092030
613	8	191081.0	8	0.0	2.38	1.7	1.68	1	0:00:25.205199
614	5	0	6	0.0	0.0	0.0	0.0	0	0:00:00.020725
615	8	0	3	0.0	0.0	0.0	0.0	0	0:00:00.020520
616	6	74348.0	-1	0.0	0.0	0.0	0.0	0	0:00:18.112268
617	6	126626.0	6	0.0	0.817	0.394	0.331	1	0:00:24.082527
618	2	0	7	0.0	0.0	0.0	0.0	0	0:00:00.020699
619	1	194596.0	1	0.0	1.91	1.91	1.91	1	0:00:28.596145
620	7	98939.0	-1	0.0	0.0	0.0	0.0	0	0:00:18.087637
621	7	162695.0	7	0.0	1.42	0.969	0.881	1	0:00:24.201336
622	1	198123.0	1	0.0	2.32	2.32	2.32	1	0:00:28.576523
623	2	196872.0	2	0.0	2.13	2.13	2.13	1	0:00:28.547023
624	7	153549.0	7	0.0	1.34	0.778	0.722	1	0:00:24.005393
625	9	0	1	0.0	0.0	0.0	0.0	0	0:00:00.020716
626	9	193943.0	9	0.0	1.86	1.86	1.86	1	0:00:28.515802
627	4	132735.0	4	0.0	0.882	0.558	0.414	1	0:00:23.906043
628	4	113409.0	4	0.0	0.532	0.2	0.16	1	0:00:24.166304
629	1	0	7	0.0	0.0	0.0	0.0	0	0:00:00.020859
630	2	0	8	0.0	0.0	0.0	0.0	0	0:00:00.020450
631	5	0	2	0.0	0.0	0.0	0.0	0	0:00:00.020465
632	6	132729.0	6	0.0	0.949	0.475	0.413	1	0:00:23.864156
633	8	83659.0	-1	0.0	0.0	0.0	0.0	0	0:00:18.066378
634	7	77881.0	-1	0.0	0.0	0.0	0.0	0	0:00:18.155962
635	6	132357.0	6	0.0	0.97	0.464	0.408	1	0:00:24.049616
636	8	111374.0	8	0.0	0.505	0.153	0.134	1	0:00:24.204872
637	3	0	9	0.0	0.0	0.0	0.0	0	0:00:00.020886
638	0	0	8	0.0	0.0	0.0	0.0	0	0:00:00.020459
639	5	0	2	0.0	0.0	0.0	0.0	0	0:00:00.020454
640	5	0	3	0.0	0.0	0.0	0.0	0	0:00:00.020443
641	3	83989.0	-1	0.0	0.0	0.0	0.0	0	0:00:18.061231
642	0	137203.0	0	0.0	1.06	0.523	0.476	1	0:00:24.141775
643	7	149226.0	7	0.0	1.34	0.689	0.653	1	0:00:24.591317
644	9	0	0	0.0	0.0	0.0	0.0	0	0:00:00.020725
645	1	175237.0	1	0.0	1.9	1.17	1.14	1	0:00:24.956441
646	3	112481.0	3	0.0	0.489	0.227	0.148	1	0:00:24.105653
647	4	0	2	0.0	0.0	0.0	0.0	0	0:00:00.020746
648	4	74001.0	-1	0.0	0.0	0.0	0.0	0	0:00:18.061634
649	5	0	2	0.0	0.0	0.0	0.0	0	0:00:00.020550
650	3	168185.0	3	0.0	1.68	1.03	0.988	1	0:00:24.685518
651	9	191962.0	9	0.0	2.24	1.77	1.73	1	0:00:25.080895
652	5	0	3	0.0	0.0	0.0	0.0	0	0:00:00.020708
653	6	128287.0	6	0.0	0.845	0.431	0.353	1	0:00:23.948087
654	9	136820.0	9	0.0	1.12	0.502	0.47	1	0:00:24.235115
655	2	88724.0	-1	0.0	0.0	0.0	0.0	0	0:00:18.076949
656	1	199608.0	1	0.0	2.82	2.83	2.84	1	0:00:28.582242
657	1	166068.0	1	0.0	1.53	1.02	0.945	1	0:00:24.177819
658	4	0	6	0.0	0.0	0.0	0.0	0	0:00:00.020725
659	1	0	9	0.0	0.0	0.0	0.0	0	0:00:00.020457
660	9	198253.0	9	0.0	2.34	2.35	2.35	1	0:00:28.527957
661	4	0	7	0.0	0.0	0.0	0.0	0	0:00:00.020854
662	7	199317.0	7	0.0	2.65	2.66	2.67	1	0:00:28.479731
663	6	186572.0	6	0.0	2.02	1.53	1.48	1	0:00:24.478302
664	3	155965.0	3	0.0	1.46	0.798	0.762	1	0:00:24.694929
665	8	183324.0	8	0.0	1.86	1.45	1.37	1	0:00:24.319565
666	9	108656.0	9	0.0	0.413	0.12	0.1	1	0:00:24.082046
667	0	197406.0	0	0.0	2.2	2.2	2.2	1	0:00:28.502642
668	1	0	9	0.0	0.0	0.0	0.0	0	0:00:00.020858
669	3	0	5	0.0	0.0	0.0	0.0	0	0:00:00.020442
670	6	174359.0	6	0.0	1.68	1.19	1.12	1	0:00:24.536458
671	3	0	5	0.0	0.0	0.0	0.0	0	0:00:00.020702
672	6	0	4	0.0	0.0	0.0	0.0	0	0:00:00.020449
673	3	0	6	0.0	0.0	0.0	0.0	0	0:00:00.020419
674	2	83594.0	-1	0.0	0.0	0.0	0.0	0	0:00:18.037344
675	0	80907.0	-1	0.0	0.0	0.0	0.0	0	0:00:18.130073
676	3	0	4	0.0	0.0	0.0	0.0	0	0:00:00.020563
677	1	0	9	0.0	0.0	0.0	0.0	0	0:00:00.020412
678	0	0	3	0.0	0.0	0.0	0.0	0	0:00:00.020467
679	5	0	3	0.0	0.0	0.0	0.0	0	0:00:00.020432
680	9	89202.0	-1	0.0	0.0	0.0	0.0	0	0:00:18.194410
681	6	197454.0	6	0.0	2.21	2.21	2.21	1	0:00:28.662911
682	4	0	9	0.0	0.0	0.0	0.0	0	0:00:00.020976
683	8	0	1	0.0	0.0	0.0	0.0	0	0:00:00.020452
684	9	166045.0	9	0.0	1.52	1.02	0.945	1	0:00:24.143263
685	6	0	4	0.0	0.0	0.0	0.0	0	0:00:00.020755
686	9	0	2	0.0	0.0	0.0	0.0	0	0:00:00.020453
687	6	0	3	0.0	0.0	0.0	0.0	0	0:00:00.020443
688	3	0	6	0.0	0.0	0.0	0.0	0	0:00:00.020463
689	0	0	9	0.0	0.0	0.0	0.0	0	0:00:00.020430
690	3	0	4	0.0	0.0	0.0	0.0	0	0:00:00.020441
691	2	140391.0	2	0.0	1.1	0.575	0.521	1	0:00:24.033925
692	2	0	0	0.0	0.0	0.0	0.0	0	0:00:00.020761
693	7	174195.0	7	0.0	1.78	1.16	1.12	1	0:00:24.684054
694	8	179758.0	8	0.0	1.98	1.29	1.26	1	0:00:25.132052
695	3	0	4	0.0	0.0	0.0	0.0	0	0:00:00.020738
696	8	199854.0	8	0.0	3.08	3.11	3.11	1	0:00:28.510461
697	2	0	4	0.0	0.0	0.0	0.0	0	0:00:00.020722
698	7	0	4	0.0	0.0	0.0	0.0	0	0:00:00.020512
699	5	73160.0	-1	0.0	0.0	0.0	0.0	0	0:00:18.008283
700	7	125675.0	7	0.0	0.833	0.376	0.319	1	0:00:23.925085
701	2	0	0	0.0	0.0	0.0	0.0	0	0:00:00.020766
702	4	0	6	0.0	0.0	0.0	0.0	0	0:00:00.020445
703	8	0	6	0.0	0.0	0.0	0.0	0	0:00:00.020448
704	7	48901.0	-1	0.0	0.0	0.0	0.0	0	0:00:18.090947
705	4	121978.0	4	0.0	0.72	0.348	0.27	1	0:00:23.697791
706	2	0	0	0.0	0.0	0.0	0.0	0	0:00:00.020770
707	9	0	5	0.0	0.0	0.0	0.0	0	0:00:00.020610
708	8	172687.0	8	0.0	1.75	1.13	1.09	1	0:00:24.679434
709	8	179460.0	8	0.0	1.78	1.33	1.25	1	0:00:24.717414
710	6	0	7	0.0	0.0	0.0	0.0	0	0:00:00.020700
711	8	179683.0	8	0.0	1.87	1.31	1.26	1	0:00:24.968405
712	8	189866.0	8	0.0	2.41	1.64	1.62	1	0:00:25.674769
713	7	137731.0	7	0.0	1.08	0.532	0.483	1	0:00:24.045139
714	4	0	2	0.0	0.0	0.0	0.0	0	0:00:00.020813
715	3	146216.0	3	0.0	1.19	0.681	0.607	1	0:00:24.292797
716	3	0	6	0.0	0.0	0.0	0.0	0	0:00:00.020779
717	8	0	9	0.0	0.0	0.0	0.0	0	0:00:00.020517
718	4	0	2	0.0	0.0	0.0	0.0	0	0:00:00.020433
719	9	0	8	0.0	0.0	0.0	0.0	0	0:00:00.020473
720	4	0	9	0.0	0.0	0.0	0.0	0	0:00:00.020478
721	8	198260.0	8	0.0	2.35	2.35	2.35	1	0:00:28.522938
722	8	170886.0	8	0.0	1.67	1.1	1.04	1	0:00:24.536235
723	1	149198.0	1	0.0	1.17	0.754	0.653	1	0:00:23.543757
724	8	165630.0	8	0.0	1.59	0.986	0.937	1	0:00:24.436694
725	2	0	8	0.0	0.0	0.0	0.0	0	0:00:00.020690
726	1	158516.0	1	0.0	1.4	0.868	0.806	1	0:00:23.986070
727	3	0	5	0.0	0.0	0.0	0.0	0	0:00:00.020820
728	6	122229.0	6	0.0	0.744	0.334	0.274	1	0:00:23.733833
729	5	89886.0	-1	0.0	0.0	0.0	0.0	0	0:00:18.077516
730	4	0	3	0.0	0.0	0.0	0.0	0	0:00:00.020542
731	2	0	0	0.0	0.0	0.0	0.0	0	0:00:00.020478
732	7	190214.0	7	0.0	2.48	1.65	1.64	1	0:00:25.195896
733	9	0	6	0.0	0.0	0.0	0.0	0	0:00:00.020711
734	9	60533.0	-1	0.0	0.0	0.0	0.0	0	0:00:18.117696
735	4	0	2	0.0	0.0	0.0	0.0	0	0:00:00.020555
736	1	123158.0	1	0.0	0.797	0.326	0.286	1	0:00:23.986464
737	4	0	0	0.0	0.0	0.0	0.0	0	0:00:00.020743
738	1	197705.0	1	0.0	2.25	2.25	2.25	1	0:00:28.567013
739	3	0	5	0.0	0.0	0.0	0.0	0	0:00:00.020790
740	2	0	5	0.0	0.0	0.0	0.0	0	0:00:00.020520
741	7	96003.0	-1	0.0	0.0	0.0	0.0	0	0:00:18.076841
742	0	0	4	0.0	0.0	0.0	0.0	0	0:00:00.020590
743	7	193474.0	7	0.0	1.82	1.83	1.83	1	0:00:28.592620
744	9	102129.0	9	0.0	0.0173	0.0233	0.018	1	0:00:25.265182
745	7	122133.0	7	0.0	0.745	0.314	0.272	1	0:00:24.150641
746	6	133056.0	6	0.0	0.948	0.486	0.418	1	0:00:23.881597
747	6	182561.0	6	0.0	1.91	1.4	1.35	1	0:00:25.016665
748	2	181666.0	2	0.0	1.79	1.41	1.32	1	0:00:24.065980
749	5	151945.0	5	0.0	1.29	0.763	0.696	1	0:00:23.982195
750	9	182557.0	9	0.0	1.79	1.45	1.35	1	0:00:24.076089
751	2	0	0	0.0	0.0	0.0	0.0	0	0:00:00.020802
752	9	165165.0	9	0.0	1.5	1.0	0.928	1	0:00:24.132489
753	1	154939.0	1	0.0	1.49	0.772	0.745	1	0:00:24.743669
754	2	95351.0	-1	0.0	0.0	0.0	0.0	0	0:00:18.066794
755	2	0	4	0.0	0.0	0.0	0.0	0	0:00:00.020536
756	6	181646.0	6	0.0	1.79	1.41	1.32	1	0:00:24.137653
757	8	189799.0	8	0.0	2.16	1.66	1.62	1	0:00:24.953935
758	2	0	8	0.0	0.0	0.0	0.0	0	0:00:00.020749
759	1	194213.0	1	0.0	2.88	1.88	1.88	1	0:00:19.910140
760	3	0	9	0.0	0.0	0.0	0.0	0	0:00:00.020675
761	6	122290.0	6	0.0	0.778	0.32	0.274	1	0:00:23.991561
762	6	0	0	0.0	0.0	0.0	0.0	0	0:00:00.020681
763	0	71728.0	-1	0.0	0.0	0.0	0.0	0	0:00:18.108752
764	1	184825.0	1	0.0	1.95	1.48	1.42	1	0:00:24.644026
765	2	186645.0	2	0.0	2.15	1.51	1.49	1	0:00:25.490616
766	7	0	4	0.0	0.0	0.0	0.0	0	0:00:00.020854
767	0	0	9	0.0	0.0	0.0	0.0	0	0:00:00.020519
768	5	0	2	0.0	0.0	0.0	0.0	0	0:00:00.020508
769	4	0	0	0.0	0.0	0.0	0.0	0	0:00:00.020494
770	6	0	1	0.0	0.0	0.0	0.0	0	0:00:00.020480
771	1	144948.0	1	0.0	1.11	0.693	0.588	1	0:00:24.008901
772	6	111985.0	6	0.0	0.487	0.179	0.142	1	0:00:24.175693
773	4	76588.0	-1	0.0	0.0	0.0	0.0	0	0:00:18.105398
774	0	178402.0	0	0.0	2.04	1.24	1.23	1	0:00:25.231489
775	2	0	4	0.0	0.0	0.0	0.0	0	0:00:00.020787
776	2	0	5	0.0	0.0	0.0	0.0	0	0:00:00.020463
777	6	161992.0	6	0.0	1.37	0.979	0.868	1	0:00:24.010330
778	0	0	4	0.0	0.0	0.0	0.0	0	0:00:00.020991
779	5	0	6	0.0	0.0	0.0	0.0	0	0:00:00.020555
780	9	101819.0	9	0.0	0.0134	0.0175	0.0141	1	0:00:25.325484
781	1	159800.0	1	0.0	1.43	0.889	0.828	1	0:00:24.101080
782	7	115580.0	7	0.0	0.59	0.22	0.188	1	0:00:24.191452
783	6	120411.0	6	0.0	0.679	0.336	0.25	1	0:00:23.641194
784	7	0	1	0.0	0.0	0.0	0.0	0	0:00:00.020752
785	0	144921.0	0	0.0	1.2	0.642	0.587	1	0:00:24.353919
786	3	161990.0	3	0.0	1.39	0.976	0.868	1	0:00:23.986051
787	9	95747.0	-1	0.0	0.0	0.0	0.0	0	0:00:18.073403
788	6	109381.0	6	0.0	0.421	0.146	0.109	1	0:00:24.281201
789	8	169504.0	8	0.0	1.64	1.07	1.02	1	0:00:24.530901
790	3	0	0	0.0	0.0	0.0	0.0	0	0:00:00.020730
791	0	199743.0	0	0.0	2.93	2.95	2.96	1	0:00:28.600913
792	3	0	0	0.0	0.0	0.0	0.0	0	0:00:00.021037
793	4	0	8	0.0	0.0	0.0	0.0	0	0:00:00.020468
794	7	138348.0	7	0.0	1.08	0.549	0.492	1	0:00:24.101992
795	7	94276.0	-1	0.0	0.0	0.0	0.0	0	0:00:18.079540
796	1	0	4	0.0	0.0	0.0	0.0	0	0:00:00.020520
797	4	0	6	0.0	0.0	0.0	0.0	0	0:00:00.020415
798	7	0	5	0.0	0.0	0.0	0.0	0	0:00:00.020422
799	2	77272.0	-1	0.0	0.0	0.0	0.0	0	0:00:18.169819
800	7	195717.0	7	0.0	2.0	2.0	2.01	1	0:00:28.697382
801	1	169462.0	1	0.0	1.6	1.07	1.01	1	0:00:24.461595
802	4	0	2	0.0	0.0	0.0	0.0	0	0:00:00.020688
803	7	133411.0	7	0.0	0.987	0.471	0.423	1	0:00:23.908727
804	4	0	2	0.0	0.0	0.0	0.0	0	0:00:00.020746
805	4	0	6	0.0	0.0	0.0	0.0	0	0:00:00.020431
806	8	134398.0	8	0.0	1.0	0.492	0.436	1	0:00:23.911473
807	4	134631.0	4	0.0	0.909	0.59	0.44	1	0:00:23.882851
808	7	0	0	0.0	0.0	0.0	0.0	0	0:00:00.020780
809	7	0	2	0.0	0.0	0.0	0.0	0	0:00:00.020543
810	5	0	3	0.0	0.0	0.0	0.0	0	0:00:00.020405
811	3	0	5	0.0	0.0	0.0	0.0	0	0:00:00.020426
812	7	189283.0	7	0.0	2.22	1.63	1.6	1	0:00:24.944602
813	2	110669.0	2	0.0	0.491	0.147	0.125	1	0:00:24.124319
814	0	0	8	0.0	0.0	0.0	0.0	0	0:00:00.020756
815	8	169836.0	8	0.0	1.64	1.08	1.02	1	0:00:24.461438
816	9	134354.0	9	0.0	1.05	0.471	0.436	1	0:00:24.125588
817	5	0	4	0.0	0.0	0.0	0.0	0	0:00:00.020776
818	8	0	4	0.0	0.0	0.0	0.0	0	0:00:00.020443
819	3	67350.0	-1	0.0	0.0	0.0	0.0	0	0:00:18.067906
820	6	0	9	0.0	0.0	0.0	0.0	0	0:00:00.020549
821	2	128628.0	2	0.0	0.859	0.434	0.358	1	0:00:23.925457
822	0	94113.0	-1	0.0	0.0	0.0	0.0	0	0:00:18.094153
823	8	195172.0	8	0.0	1.95	1.96	1.96	1	0:00:28.632781
824	7	134180.0	7	0.0	0.967	0.507	0.433	1	0:00:23.931379
825	3	0	2	0.0	0.0	0.0	0.0	0	0:00:00.020893
826	7	0	6	0.0	0.0	0.0	0.0	0	0:00:00.020452
827	6	150879.0	6	0.0	1.28	0.742	0.679	1	0:00:24.465549
828	5	106266.0	5	0.0	0.269	0.103	0.0699	1	0:00:24.601996
829	3	0	5	0.0	0.0	0.0	0.0	0	0:00:00.020923
830	1	135196.0	1	0.0	0.996	0.516	0.447	1	0:00:23.945205
831	3	0	6	0.0	0.0	0.0	0.0	0	0:00:00.020700
832	2	196647.0	2	0.0	2.1	2.1	2.1	1	0:00:28.565178
833	2	0	3	0.0	0.0	0.0	0.0	0	0:00:00.020965
834	5	0	4	0.0	0.0	0.0	0.0	0	0:00:00.020467
835	4	0	3	0.0	0.0	0.0	0.0	0	0:00:00.020455
836	1	0	8	0.0	0.0	0.0	0.0	0	0:00:00.020403
837	2	77923.0	-1	0.0	0.0	0.0	0.0	0	0:00:18.028522
838	9	184220.0	9	0.0	1.97	1.45	1.4	1	0:00:25.294204
839	2	187122.0	2	0.0	2.08	1.55	1.51	1	0:00:24.675173
840	7	199703.0	7	0.0	2.9	2.91	2.92	1	0:00:28.569985
841	0	128087.0	0	0.0	0.839	0.438	0.351	1	0:00:23.863170
842	7	187527.0	7	0.0	2.25	1.54	1.52	1	0:00:25.625142
843	2	0	4	0.0	0.0	0.0	0.0	0	0:00:00.021015
844	1	121593.0	1	0.0	0.741	0.318	0.265	1	0:00:23.694265
845	3	0	1	0.0	0.0	0.0	0.0	0	0:00:00.020694
846	2	0	4	0.0	0.0	0.0	0.0	0	0:00:00.020457
847	0	171438.0	0	0.0	1.69	1.11	1.06	1	0:00:24.609571
848	2	0	6	0.0	0.0	0.0	0.0	0	0:00:00.020961
849	4	125721.0	4	0.0	0.773	0.42	0.319	1	0:00:23.843693
850	7	0	5	0.0	0.0	0.0	0.0	0	0:00:00.020673
851	9	189403.0	9	0.0	2.13	1.65	1.6	1	0:00:24.866473
852	8	185977.0	8	0.0	2.11	1.49	1.46	1	0:00:25.369670
853	9	0	1	0.0	0.0	0.0	0.0	0	0:00:00.020751
854	0	198108.0	0	0.0	2.32	2.32	2.32	1	0:00:28.510572
855	7	154341.0	7	0.0	1.5	0.759	0.735	1	0:00:24.699685
856	7	0	9	0.0	0.0	0.0	0.0	0	0:00:00.020696
857	0	125401.0	0	0.0	0.806	0.374	0.315	1	0:00:23.910573
858	7	199485.0	7	0.0	2.74	2.75	2.75	1	0:00:28.517061
859	8	166054.0	8	0.0	1.54	1.01	0.945	1	0:00:24.340786
860	4	168265.0	4	0.0	1.47	1.11	0.989	1	0:00:23.949583
861	6	108357.0	6	0.0	0.389	0.122	0.0962	1	0:00:23.881872
862	3	0	6	0.0	0.0	0.0	0.0	0	0:00:00.020727
863	3	0	2	0.0	0.0	0.0	0.0	0	0:00:00.020488
864	0	199992.0	0	0.0	3.53	3.69	3.7	1	0:00:28.559275
865	1	166897.0	1	0.0	1.63	1.0	0.962	1	0:00:24.459365
866	3	0	9	0.0	0.0	0.0	0.0	0	0:00:00.020775
867	7	122782.0	7	0.0	0.803	0.312	0.281	1	0:00:24.463765
868	0	158368.0	0	0.0	1.32	0.914	0.803	1	0:00:23.822458
869	1	0	6	0.0	0.0	0.0	0.0	0	0:00:00.020729
870	3	0	6	0.0	0.0	0.0	0.0	0	0:00:00.020506
871	1	193991.0	1	0.0	1.86	1.86	1.86	1	0:00:18.646393
872	4	188631.0	4	0.0	2.22	1.59	1.57	1	0:00:25.650923
873	2	0	0	0.0	0.0	0.0	0.0	0	0:00:00.020721
874	3	185404.0	3	0.0	2.12	1.47	1.44	1	0:00:25.429468
875	8	176344.0	8	0.0	1.87	1.2	1.17	1	0:00:25.011790
876	4	171969.0	4	0.0	1.54	1.19	1.07	1	0:00:24.295272
877	2	0	3	0.0	0.0	0.0	0.0	0	0:00:00.020730
878	3	0	8	0.0	0.0	0.0	0.0	0	0:00:00.020451
879	7	183490.0	7	0.0	1.98	1.42	1.38	1	0:00:25.253055
880	8	199444.0	8	0.0	2.72	2.73	2.73	1	0:00:28.571456
881	4	129302.0	4	0.0	0.882	0.435	0.367	1	0:00:23.953173
882	3	0	0	0.0	0.0	0.0	0.0	0	0:00:00.020716
883	0	191476.0	0	0.0	1.7	1.7	1.71	1	0:00:18.715980
884	9	194699.0	9	0.0	2.62	1.93	1.92	1	0:00:20.285223
885	0	186606.0	0	0.0	2.05	1.53	1.49	1	0:00:24.714735
886	0	0	9	0.0	0.0	0.0	0.0	0	0:00:00.020707
887	1	0	9	0.0	0.0	0.0	0.0	0	0:00:00.020464
888	0	0	8	0.0	0.0	0.0	0.0	0	0:00:00.020410
889	4	89110.0	-1	0.0	0.0	0.0	0.0	0	0:00:18.076428
890	4	0	3	0.0	0.0	0.0	0.0	0	0:00:00.020564
891	6	0	4	0.0	0.0	0.0	0.0	0	0:00:00.020481
892	7	0	5	0.0	0.0	0.0	0.0	0	0:00:00.020487
893	6	114086.0	6	0.0	0.573	0.195	0.169	1	0:00:24.079861
894	1	191906.0	1	0.0	2.39	1.75	1.73	1	0:00:25.093045
895	1	169814.0	1	0.0	1.68	1.07	1.02	1	0:00:24.529307
896	3	166546.0	3	0.0	1.45	1.07	0.955	1	0:00:23.964457
897	7	129156.0	7	0.0	0.898	0.417	0.365	1	0:00:23.866533
898	3	0	5	0.0	0.0	0.0	0.0	0	0:00:00.020714
899	5	148548.0	5	0.0	1.3	0.684	0.642	1	0:00:24.566900
900	2	0	6	0.0	0.0	0.0	0.0	0	0:00:00.020800
901	6	161801.0	6	0.0	1.42	0.946	0.864	1	0:00:24.027406
902	6	115045.0	6	0.0	0.597	0.218	0.181	1	0:00:24.079254
903	5	178952.0	5	0.0	1.79	1.31	1.24	1	0:00:24.670123
904	8	163964.0	8	0.0	1.46	0.983	0.905	1	0:00:24.079371
905	7	0	4	0.0	0.0	0.0	0.0	0	0:00:00.020672
906	1	86847.0	-1	0.0	0.0	0.0	0.0	0	0:00:18.042118
907	6	75591.0	-1	0.0	0.0	0.0	0.0	0	0:00:18.121910
908	8	186558.0	8	0.0	1.99	1.55	1.48	1	0:00:24.695611
909	8	174146.0	8	0.0	1.71	1.18	1.12	1	0:00:24.607863
910	5	0	6	0.0	0.0	0.0	0.0	0	0:00:00.020740
911	3	0	5	0.0	0.0	0.0	0.0	0	0:00:00.020463
912	0	0	3	0.0	0.0	0.0	0.0	0	0:00:00.020427
913	4	0	2	0.0	0.0	0.0	0.0	0	0:00:00.020431
914	0	0	6	0.0	0.0	0.0	0.0	0	0:00:00.020459
915	1	170860.0	1	0.0	1.66	1.1	1.04	1	0:00:24.521827
916	3	0	9	0.0	0.0	0.0	0.0	0	0:00:00.020936
917	8	196308.0	8	0.0	2.06	2.06	2.07	1	0:00:28.526867
918	8	150947.0	8	0.0	1.21	0.781	0.68	1	0:00:23.706666
919	0	0	4	0.0	0.0	0.0	0.0	0	0:00:00.020764
920	6	110446.0	6	0.0	0.47	0.15	0.123	1	0:00:24.148190
921	9	192042.0	9	0.0	2.43	1.75	1.74	1	0:00:25.039273
922	9	125606.0	9	0.0	0.889	0.348	0.318	1	0:00:24.008202
923	9	0	6	0.0	0.0	0.0	0.0	0	0:00:00.020863
924	5	0	2	0.0	0.0	0.0	0.0	0	0:00:00.020528
925	5	0	3	0.0	0.0	0.0	0.0	0	0:00:00.020466
926	8	145991.0	8	0.0	1.2	0.668	0.603	1	0:00:24.254189
927	6	0	2	0.0	0.0	0.0	0.0	0	0:00:00.020726
928	0	119419.0	0	0.0	0.753	0.257	0.237	1	0:00:24.137764
929	0	0	8	0.0	0.0	0.0	0.0	0	0:00:00.020734
930	4	107372.0	4	0.0	0.345	0.127	0.0838	1	0:00:23.951118
931	2	139392.0	2	0.0	1.05	0.59	0.507	1	0:00:24.002537
932	3	83040.0	-1	0.0	0.0	0.0	0.0	0	0:00:18.077368
933	2	0	3	0.0	0.0	0.0	0.0	0	0:00:00.020611
934	7	197305.0	7	0.0	2.19	2.19	2.19	1	0:00:28.605861
935	2	196993.0	2	0.0	2.14	2.15	2.15	1	0:00:28.537596
936	2	141698.0	2	0.0	1.08	0.621	0.54	1	0:00:23.944474
937	5	112257.0	5	0.0	0.535	0.172	0.146	1	0:00:24.183877
938	9	0	4	0.0	0.0	0.0	0.0	0	0:00:00.020741
939	8	173145.0	8	0.0	1.84	1.12	1.1	1	0:00:24.725357
940	9	171891.0	9	0.0	1.66	1.13	1.07	1	0:00:24.567737
941	1	0	9	0.0	0.0	0.0	0.0	0	0:00:00.020974
942	7	196681.0	7	0.0	2.1	2.11	2.11	1	0:00:28.526563
943	4	134992.0	4	0.0	0.954	0.54	0.445	1	0:00:23.887852
944	0	0	8	0.0	0.0	0.0	0.0	0	0:00:00.020690
945	3	0	5	0.0	0.0	0.0	0.0	0	0:00:00.020468
946	0	190628.0	0	0.0	2.41	1.68	1.66	1	0:00:25.525846
947	1	145224.0	1	0.0	1.19	0.644	0.592	1	0:00:24.161555
948	3	0	4	0.0	0.0	0.0	0.0	0	0:00:00.020760
949	8	149476.0	8	0.0	1.25	0.723	0.657	1	0:00:24.372807
950	3	0	2	0.0	0.0	0.0	0.0	0	0:00:00.020725
951	9	171860.0	9	0.0	1.77	1.1	1.07	1	0:00:24.721562
952	6	73232.0	-1	0.0	0.0	0.0	0.0	0	0:00:18.064220
953	1	0	9	0.0	0.0	0.0	0.0	0	0:00:00.020591
954	4	143038.0	4	0.0	1.05	0.69	0.559	1	0:00:23.501091
955	7	191434.0	7	0.0	2.42	1.72	1.7	1	0:00:25.719752
956	0	146864.0	0	0.0	1.2	0.684	0.617	1	0:00:24.299070
957	3	0	6	0.0	0.0	0.0	0.0	0	0:00:00.020952
958	7	153091.0	7	0.0	1.34	0.766	0.714	1	0:00:24.514428
959	8	171233.0	8	0.0	1.65	1.11	1.05	1	0:00:24.544598
960	9	194140.0	9	0.0	2.71	1.88	1.87	1	0:00:19.790716
961	1	66183.0	-1	0.0	0.0	0.0	0.0	0	0:00:18.126976
962	1	0	9	0.0	0.0	0.0	0.0	0	0:00:00.020543
963	6	115014.0	6	0.0	0.591	0.221	0.181	1	0:00:24.189123
964	6	138528.0	6	0.0	1.07	0.55	0.494	1	0:00:24.125907
965	6	122741.0	6	0.0	0.747	0.339	0.28	1	0:00:23.733834
966	6	47326.0	-1	0.0	0.0	0.0	0.0	0	0:00:18.110795
967	9	178101.0	9	0.0	1.68	1.33	1.22	1	0:00:24.051151
968	1	177866.0	1	0.0	1.89	1.25	1.21	1	0:00:25.055444
969	9	144750.0	9	0.0	1.22	0.626	0.585	1	0:00:24.532110
970	9	181319.0	9	0.0	1.81	1.38	1.31	1	0:00:24.704010
971	4	0	6	0.0	0.0	0.0	0.0	0	0:00:00.020721
972	2	105491.0	2	0.0	0.254	0.0767	0.0602	1	0:00:24.461167
973	1	183430.0	1	0.0	2.17	1.39	1.37	1	0:00:25.322223
974	7	0	0	0.0	0.0	0.0	0.0	0	0:00:00.020700
975	0	175490.0	0	0.0	1.8	1.19	1.15	1	0:00:24.714882
976	6	76768.0	-1	0.0	0.0	0.0	0.0	0	0:00:18.059548
977	8	187708.0	8	0.0	2.03	1.59	1.53	1	0:00:24.635135
978	1	168366.0	1	0.0	1.69	1.02	0.992	1	0:00:24.647428
979	9	0	1	0.0	0.0	0.0	0.0	0	0:00:00.020688
980	2	0	6	0.0	0.0	0.0	0.0	0	0:00:00.020448
981	9	0	8	0.0	0.0	0.0	0.0	0	0:00:00.020411
982	0	0	3	0.0	0.0	0.0	0.0	0	0:00:00.020425
983	4	87623.0	-1	0.0	0.0	0.0	0.0	0	0:00:18.077044
984	7	137356.0	7	0.0	1.09	0.525	0.478	1	0:00:24.152779
985	8	196872.0	8	0.0	2.13	2.13	2.13	1	0:00:28.630557
986	3	0	5	0.0	0.0	0.0	0.0	0	0:00:00.020811
987	1	100336.0	-1	0.0	0.0	0.0	0.0	0	0:00:18.049448
988	2	139271.0	2	0.0	1.01	0.611	0.505	1	0:00:23.935441
989	0	0	2	0.0	0.0	0.0	0.0	0	0:00:00.020756
990	1	136405.0	1	0.0	1.09	0.5	0.464	1	0:00:24.106531
991	5	0	3	0.0	0.0	0.0	0.0	0	0:00:00.020680
992	8	0	0	0.0	0.0	0.0	0.0	0	0:00:00.020463
993	4	0	7	0.0	0.0	0.0	0.0	0	0:00:00.020388
994	6	137055.0	6	0.0	1.09	0.512	0.473	1	0:00:24.083536
995	3	0	7	0.0	0.0	0.0	0.0	0	0:00:00.020746
996	8	100931.0	8	0.0	0.00231	0.003	0.003	1	0:00:25.702056
997	1	160589.0	1	0.0	1.4	0.927	0.842	1	0:00:24.061347
998	3	79143.0	-1	0.0	0.0	0.0	0.0	0	0:00:18.083501
999	8	187609.0	8	0.0	2.02	1.59	1.52	1	0:00:24.591431
