idx	label	count	predict	radiusR	radius_L1	radius_L2	radius_cohen	correct	time
1	8	196035.0	8	0.0	1.02	1.02	1.02	1	0:00:28.269269
2	8	192397.0	8	0.0	1.18	0.893	0.879	1	0:00:25.136420
3	0	190095.0	0	0.0	1.07	0.846	0.817	1	0:00:24.622589
4	6	165321.0	6	0.0	0.744	0.51	0.465	1	0:00:23.938042
5	6	161002.0	6	0.0	0.714	0.466	0.425	1	0:00:23.875840
6	1	89375.0	-1	0.0	0.0	0.0	0.0	0	0:00:17.949298
7	6	107616.0	6	0.0	0.192	0.0556	0.0435	1	0:00:23.912124
8	3	150527.0	3	0.0	0.633	0.375	0.337	1	0:00:23.727142
9	1	0	9	0.0	0.0	0.0	0.0	0	0:00:00.020906
10	0	147262.0	0	0.0	0.602	0.351	0.311	1	0:00:24.066945
11	9	199248.0	9	0.0	1.31	1.32	1.32	1	0:00:28.283420
12	5	78841.0	-1	0.0	0.0	0.0	0.0	0	0:00:17.796575
13	7	199983.0	7	0.0	1.73	1.79	1.79	1	0:00:28.296648
14	9	198208.0	9	0.0	1.17	1.17	1.17	1	0:00:28.232411
15	8	189547.0	8	0.0	1.19	0.813	0.804	1	0:00:25.497818
16	5	172146.0	5	0.0	0.859	0.558	0.536	1	0:00:24.298450
17	7	198211.0	7	0.0	1.17	1.17	1.17	1	0:00:28.240653
18	8	190237.0	8	0.0	1.12	0.839	0.821	1	0:00:24.813020
19	6	196200.0	6	0.0	1.03	1.03	1.03	1	0:00:28.255403
20	7	159545.0	7	0.0	0.743	0.438	0.412	1	0:00:23.927130
21	0	0	2	0.0	0.0	0.0	0.0	0	0:00:00.021103
22	4	0	0	0.0	0.0	0.0	0.0	0	0:00:00.020573
23	9	199761.0	9	0.0	1.48	1.49	1.49	1	0:00:28.306116
24	5	0	4	0.0	0.0	0.0	0.0	0	0:00:00.021192
25	2	184234.0	2	0.0	0.999	0.723	0.7	1	0:00:24.927754
26	4	121433.0	4	0.0	0.38	0.159	0.132	1	0:00:23.680962
27	0	0	7	0.0	0.0	0.0	0.0	0	0:00:00.020924
28	9	160879.0	9	0.0	0.75	0.45	0.424	1	0:00:24.017316
29	6	194124.0	6	0.0	1.3	0.943	0.936	1	0:00:24.839510
30	6	128433.0	6	0.0	0.454	0.205	0.178	1	0:00:23.841563
31	5	0	2	0.0	0.0	0.0	0.0	0	0:00:00.021121
32	4	0	8	0.0	0.0	0.0	0.0	0	0:00:00.020595
33	5	0	3	0.0	0.0	0.0	0.0	0	0:00:00.020565
34	9	199904.0	9	0.0	1.58	1.61	1.61	1	0:00:28.383622
35	2	0	3	0.0	0.0	0.0	0.0	0	0:00:00.021062
36	4	0	7	0.0	0.0	0.0	0.0	0	0:00:00.020566
37	1	0	9	0.0	0.0	0.0	0.0	0	0:00:00.020627
38	9	190072.0	9	0.0	1.13	0.832	0.817	1	0:00:24.857977
39	5	134293.0	5	0.0	0.51	0.245	0.217	1	0:00:23.733860
40	4	147867.0	4	0.0	0.636	0.341	0.316	1	0:00:24.276897
41	6	195904.0	6	0.0	1.01	1.01	1.01	1	0:00:28.314511
42	5	114228.0	5	0.0	0.294	0.1	0.0853	1	0:00:23.879056
43	6	160773.0	6	0.0	0.7	0.471	0.423	1	0:00:23.820250
44	0	0	8	0.0	0.0	0.0	0.0	0	0:00:00.020896
45	9	198513.0	9	0.0	1.2	1.2	1.2	1	0:00:28.340764
46	3	187373.0	3	0.0	1.09	0.772	0.758	1	0:00:25.371275
47	9	0	8	0.0	0.0	0.0	0.0	0	0:00:00.020936
48	7	147794.0	7	0.0	0.655	0.337	0.315	1	0:00:24.340103
49	6	112696.0	6	0.0	0.267	0.0991	0.0755	1	0:00:23.869527
50	9	181838.0	9	0.0	0.971	0.685	0.662	1	0:00:24.861260
51	8	151513.0	8	0.0	0.623	0.393	0.345	1	0:00:23.651607
52	0	0	2	0.0	0.0	0.0	0.0	0	0:00:00.020902
53	3	0	5	0.0	0.0	0.0	0.0	0	0:00:00.020607
54	8	199023.0	8	0.0	1.27	1.27	1.28	1	0:00:28.344101
55	8	175587.0	8	0.0	0.908	0.599	0.577	1	0:00:24.457582
56	7	0	5	0.0	0.0	0.0	0.0	0	0:00:00.020871
57	7	0	1	0.0	0.0	0.0	0.0	0	0:00:00.020630
58	4	0	3	0.0	0.0	0.0	0.0	0	0:00:00.020597
59	6	0	5	0.0	0.0	0.0	0.0	0	0:00:00.020559
60	7	198693.0	7	0.0	1.22	1.22	1.23	1	0:00:28.317125
61	3	159182.0	3	0.0	0.712	0.444	0.409	1	0:00:23.894352
62	6	184941.0	6	0.0	1.04	0.729	0.712	1	0:00:25.088990
63	3	0	9	0.0	0.0	0.0	0.0	0	0:00:00.020854
64	6	171664.0	6	0.0	0.832	0.563	0.531	1	0:00:24.318114
65	2	171076.0	2	0.0	0.791	0.57	0.525	1	0:00:24.153601
66	1	105153.0	1	0.0	0.0276	0.0357	0.028	1	0:00:24.637456
67	2	194542.0	2	0.0	0.951	0.952	0.952	1	0:00:18.471335
68	3	89103.0	-1	0.0	0.0	0.0	0.0	0	0:00:17.996095
69	7	0	9	0.0	0.0	0.0	0.0	0	0:00:00.020763
70	2	0	0	0.0	0.0	0.0	0.0	0	0:00:00.020540
71	6	170751.0	6	0.0	0.803	0.56	0.521	1	0:00:24.376502
72	8	192051.0	8	0.0	1.18	0.882	0.869	1	0:00:24.970642
73	8	199618.0	8	0.0	1.41	1.42	1.42	1	0:00:28.211257
74	0	125127.0	0	0.0	0.406	0.188	0.156	1	0:00:23.560845
75	2	152371.0	2	0.0	0.623	0.405	0.351	1	0:00:23.529407
76	9	91390.0	-1	0.0	0.0	0.0	0.0	0	0:00:17.807456
77	3	131174.0	3	0.0	0.476	0.226	0.196	1	0:00:23.689763
78	3	153848.0	3	0.0	0.627	0.422	0.363	1	0:00:23.491438
79	8	194196.0	8	0.0	1.3	0.945	0.939	1	0:00:24.785853
80	8	198338.0	8	0.0	1.18	1.18	1.18	1	0:00:28.189964
81	1	197821.0	1	0.0	1.13	1.13	1.13	1	0:00:28.211997
82	1	196377.0	1	0.0	1.04	1.04	1.04	1	0:00:28.199784
83	7	150915.0	7	0.0	0.649	0.373	0.34	1	0:00:23.651273
84	2	168687.0	2	0.0	0.813	0.529	0.499	1	0:00:24.198759
85	5	0	7	0.0	0.0	0.0	0.0	0	0:00:00.020901
86	2	170911.0	2	0.0	0.82	0.555	0.523	1	0:00:24.248472
87	7	0	9	0.0	0.0	0.0	0.0	0	0:00:00.021124
88	8	198688.0	8	0.0	1.22	1.22	1.23	1	0:00:28.255053
89	9	181202.0	9	0.0	0.899	0.696	0.652	1	0:00:23.864974
90	0	164694.0	0	0.0	0.81	0.48	0.459	1	0:00:24.293810
91	3	0	2	0.0	0.0	0.0	0.0	0	0:00:00.020885
92	8	199762.0	8	0.0	1.48	1.49	1.49	1	0:00:28.330869
93	6	163171.0	6	0.0	0.782	0.469	0.445	1	0:00:24.218927
94	4	167736.0	4	0.0	0.732	0.555	0.489	1	0:00:23.840259
95	6	0	3	0.0	0.0	0.0	0.0	0	0:00:00.021053
96	6	186646.0	6	0.0	1.03	0.767	0.743	1	0:00:24.395161
97	0	75324.0	-1	0.0	0.0	0.0	0.0	0	0:00:17.901791
98	0	200000.0	0	0.0	1.82	1.98	1.99	1	0:00:28.434716
99	7	198554.0	7	0.0	1.21	1.21	1.21	1	0:00:28.313251
100	4	76397.0	-1	0.0	0.0	0.0	0.0	0	0:00:17.810781
101	5	0	7	0.0	0.0	0.0	0.0	0	0:00:00.020612
102	6	168691.0	6	0.0	0.794	0.534	0.499	1	0:00:24.267837
103	3	194057.0	3	0.0	1.25	0.944	0.934	1	0:00:25.223387
104	1	199879.0	1	0.0	1.56	1.58	1.58	1	0:00:28.265683
105	1	198388.0	1	0.0	1.19	1.19	1.19	1	0:00:28.207900
106	3	0	2	0.0	0.0	0.0	0.0	0	0:00:00.020903
107	6	185664.0	6	0.0	1.02	0.749	0.725	1	0:00:24.260925
108	8	90880.0	-1	0.0	0.0	0.0	0.0	0	0:00:17.832695
109	7	199998.0	7	0.0	1.8	1.92	1.93	1	0:00:28.319504
110	4	0	3	0.0	0.0	0.0	0.0	0	0:00:00.021510
111	0	196682.0	0	0.0	1.05	1.05	1.05	1	0:00:28.253597
112	6	0	2	0.0	0.0	0.0	0.0	0	0:00:00.020939
113	2	153243.0	2	0.0	0.633	0.408	0.358	1	0:00:23.525278
114	1	136432.0	1	0.0	0.551	0.253	0.232	1	0:00:23.849773
115	3	165594.0	3	0.0	0.759	0.507	0.468	1	0:00:23.906423
116	0	189403.0	0	0.0	1.12	0.816	0.801	1	0:00:24.842219
117	4	0	9	0.0	0.0	0.0	0.0	0	0:00:00.020893
118	2	0	3	0.0	0.0	0.0	0.0	0	0:00:00.020540
119	7	0	5	0.0	0.0	0.0	0.0	0	0:00:00.020550
120	8	135527.0	8	0.0	0.507	0.261	0.226	1	0:00:23.719733
121	3	0	4	0.0	0.0	0.0	0.0	0	0:00:00.021150
122	1	184788.0	1	0.0	1.04	0.726	0.71	1	0:00:25.062943
123	2	190244.0	2	0.0	1.13	0.836	0.821	1	0:00:24.866877
124	8	99321.0	-1	0.0	0.0	0.0	0.0	0	0:00:17.898622
125	0	0	6	0.0	0.0	0.0	0.0	0	0:00:00.020654
126	8	0	0	0.0	0.0	0.0	0.0	0	0:00:00.020503
127	3	178349.0	3	0.0	0.889	0.647	0.612	1	0:00:24.552173
128	5	0	3	0.0	0.0	0.0	0.0	0	0:00:00.021122
129	2	0	0	0.0	0.0	0.0	0.0	0	0:00:00.020636
130	4	0	2	0.0	0.0	0.0	0.0	0	0:00:00.020535
131	1	199942.0	1	0.0	1.63	1.66	1.67	1	0:00:28.363381
132	8	170516.0	8	0.0	0.832	0.546	0.518	1	0:00:24.373199
133	9	199991.0	9	0.0	1.76	1.84	1.84	1	0:00:28.331487
134	1	92361.0	-1	0.0	0.0	0.0	0.0	0	0:00:17.828689
135	2	112272.0	2	0.0	0.272	0.0901	0.0729	1	0:00:23.893261
136	9	193256.0	9	0.0	1.27	0.913	0.906	1	0:00:25.027040
137	7	197136.0	7	0.0	1.08	1.08	1.08	1	0:00:28.325860
138	2	195190.0	2	0.0	1.32	0.986	0.979	1	0:00:24.964886
139	9	0	8	0.0	0.0	0.0	0.0	0	0:00:00.020940
140	6	154736.0	6	0.0	0.66	0.411	0.371	1	0:00:23.667210
141	5	199965.0	5	0.0	1.68	1.72	1.72	1	0:00:28.370280
142	6	193661.0	6	0.0	1.28	0.926	0.92	1	0:00:24.911736
143	3	0	5	0.0	0.0	0.0	0.0	0	0:00:00.020870
144	8	198957.0	8	0.0	1.26	1.26	1.26	1	0:00:28.353456
145	7	178612.0	7	0.0	0.922	0.64	0.616	1	0:00:24.729610
146	6	180609.0	6	0.0	0.919	0.677	0.644	1	0:00:24.847673
147	2	0	5	0.0	0.0	0.0	0.0	0	0:00:00.021094
148	5	173238.0	5	0.0	0.907	0.566	0.549	1	0:00:24.565302
149	2	0	5	0.0	0.0	0.0	0.0	0	0:00:00.020943
150	8	192285.0	8	0.0	1.24	0.884	0.876	1	0:00:25.050633
151	9	192181.0	9	0.0	1.23	0.882	0.873	1	0:00:25.145663
152	6	125334.0	6	0.0	0.407	0.19	0.157	1	0:00:23.727948
153	0	196197.0	0	0.0	1.03	1.03	1.03	1	0:00:18.455410
154	0	192643.0	0	0.0	1.27	0.893	0.887	1	0:00:24.986743
155	5	177110.0	5	0.0	0.888	0.627	0.596	1	0:00:24.528552
156	2	188177.0	2	0.0	1.03	0.804	0.774	1	0:00:24.394236
157	9	199772.0	9	0.0	1.48	1.49	1.5	1	0:00:28.341017
158	5	0	3	0.0	0.0	0.0	0.0	0	0:00:00.021098
159	4	163063.0	4	0.0	0.724	0.488	0.444	1	0:00:23.818921
160	2	142428.0	2	0.0	0.582	0.303	0.275	1	0:00:23.950262
161	1	129909.0	1	0.0	0.466	0.215	0.188	1	0:00:23.818220
162	6	0	3	0.0	0.0	0.0	0.0	0	0:00:00.021079
163	6	166603.0	6	0.0	0.772	0.516	0.478	1	0:00:24.159163
164	8	0	9	0.0	0.0	0.0	0.0	0	0:00:00.020825
165	4	0	2	0.0	0.0	0.0	0.0	0	0:00:00.020622
166	8	198629.0	8	0.0	1.21	1.22	1.22	1	0:00:28.286474
167	4	0	6	0.0	0.0	0.0	0.0	0	0:00:00.021327
168	5	0	9	0.0	0.0	0.0	0.0	0	0:00:00.020582
169	0	142246.0	0	0.0	0.566	0.311	0.274	1	0:00:23.797409
170	9	161973.0	9	0.0	0.729	0.471	0.434	1	0:00:23.839167
171	9	100066.0	-1	0.0	0.0	0.0	0.0	0	0:00:17.911184
172	9	0	6	0.0	0.0	0.0	0.0	0	0:00:00.020632
173	8	104136.0	8	0.0	0.102	0.0259	0.0216	1	0:00:24.672997
174	9	191202.0	9	0.0	1.08	0.876	0.845	1	0:00:24.753037
175	9	199906.0	9	0.0	1.59	1.61	1.61	1	0:00:28.348879
176	3	125643.0	3	0.0	0.408	0.195	0.159	1	0:00:23.642009
177	7	171539.0	7	0.0	0.811	0.569	0.53	1	0:00:24.222736
178	5	146789.0	5	0.0	0.57	0.365	0.308	1	0:00:23.304676
179	0	198187.0	0	0.0	1.17	1.17	1.17	1	0:00:28.294596
180	0	194221.0	0	0.0	1.26	0.95	0.94	1	0:00:25.120807
181	5	0	7	0.0	0.0	0.0	0.0	0	0:00:00.020886
182	2	146511.0	2	0.0	0.583	0.354	0.306	1	0:00:23.381029
183	2	135978.0	2	0.0	0.485	0.284	0.229	1	0:00:23.668550
184	3	0	5	0.0	0.0	0.0	0.0	0	0:00:00.021021
185	8	199670.0	8	0.0	1.43	1.44	1.44	1	0:00:28.330156
186	6	153478.0	6	0.0	0.666	0.392	0.36	1	0:00:23.765556
187	3	89194.0	-1	0.0	0.0	0.0	0.0	0	0:00:17.900182
188	4	0	3	0.0	0.0	0.0	0.0	0	0:00:00.020677
189	0	0	8	0.0	0.0	0.0	0.0	0	0:00:00.020522
190	5	152369.0	5	0.0	0.634	0.397	0.351	1	0:00:23.693934
191	8	0	3	0.0	0.0	0.0	0.0	0	0:00:00.020856
192	0	118144.0	0	0.0	0.332	0.135	0.11	1	0:00:23.901717
193	1	192421.0	1	0.0	1.18	0.894	0.88	1	0:00:25.075462
194	7	177901.0	7	0.0	0.908	0.634	0.606	1	0:00:24.539287
195	2	152322.0	2	0.0	0.631	0.396	0.351	1	0:00:23.609385
196	8	195821.0	8	0.0	1.01	1.01	1.01	1	0:00:18.428677
197	8	169264.0	8	0.0	0.769	0.555	0.505	1	0:00:24.089352
198	7	200000.0	7	0.0	1.82	1.98	1.99	1	0:00:28.374645
199	8	104406.0	8	0.0	0.131	0.0303	0.0233	1	0:00:24.084360
200	5	143163.0	5	0.0	0.559	0.325	0.281	1	0:00:23.823953
201	1	0	0	0.0	0.0	0.0	0.0	0	0:00:00.020917
202	8	193023.0	8	0.0	1.2	0.912	0.898	1	0:00:25.198388
203	7	188758.0	7	0.0	1.1	0.803	0.787	1	0:00:24.761441
204	1	199696.0	1	0.0	1.44	1.45	1.45	1	0:00:28.359067
205	3	185314.0	3	0.0	0.948	0.765	0.719	1	0:00:24.133001
206	0	137123.0	0	0.0	0.537	0.264	0.237	1	0:00:23.826183
207	5	157241.0	5	0.0	0.709	0.419	0.392	1	0:00:23.889407
208	7	199888.0	7	0.0	1.57	1.59	1.59	1	0:00:28.373476
209	9	133518.0	9	0.0	0.491	0.246	0.212	1	0:00:23.747215
210	7	0	6	0.0	0.0	0.0	0.0	0	0:00:00.021026
211	4	0	9	0.0	0.0	0.0	0.0	0	0:00:00.020573
212	5	189489.0	5	0.0	1.17	0.812	0.803	1	0:00:25.451479
213	9	0	7	0.0	0.0	0.0	0.0	0	0:00:00.020857
214	8	147808.0	8	0.0	0.602	0.358	0.316	1	0:00:23.628919
215	0	0	2	0.0	0.0	0.0	0.0	0	0:00:00.020836
216	7	199995.0	7	0.0	1.78	1.88	1.88	1	0:00:28.313557
217	9	152586.0	9	0.0	0.675	0.38	0.353	1	0:00:23.853082
218	8	0	0	0.0	0.0	0.0	0.0	0	0:00:00.020954
219	2	100105.0	-1	0.0	0.0	0.0	0.0	0	0:00:17.926282
220	7	199478.0	7	0.0	1.37	1.37	1.37	1	0:00:28.439265
221	6	123234.0	6	0.0	0.4	0.167	0.143	1	0:00:23.631627
222	9	199664.0	9	0.0	1.43	1.44	1.44	1	0:00:28.268426
223	4	98233.0	-1	0.0	0.0	0.0	0.0	0	0:00:17.791673
224	3	0	9	0.0	0.0	0.0	0.0	0	0:00:00.020661
225	9	191674.0	9	0.0	1.31	0.862	0.858	1	0:00:20.221944
226	6	0	4	0.0	0.0	0.0	0.0	0	0:00:00.020827
227	4	0	2	0.0	0.0	0.0	0.0	0	0:00:00.020508
228	7	0	3	0.0	0.0	0.0	0.0	0	0:00:00.020517
229	6	0	3	0.0	0.0	0.0	0.0	0	0:00:00.020552
230	5	195953.0	5	0.0	1.01	1.01	1.01	1	0:00:28.262237
231	1	200000.0	1	0.0	1.82	1.98	1.99	1	0:00:28.246785
232	5	0	3	0.0	0.0	0.0	0.0	0	0:00:00.020905
233	8	0	1	0.0	0.0	0.0	0.0	0	0:00:00.020527
234	8	188039.0	8	0.0	1.01	0.806	0.771	1	0:00:24.238205
235	0	200000.0	0	0.0	1.82	1.98	1.99	1	0:00:28.228276
236	4	157178.0	4	0.0	0.677	0.434	0.391	1	0:00:23.675824
237	0	70902.0	-1	0.0	0.0	0.0	0.0	0	0:00:17.809433
238	5	71819.0	-1	0.0	0.0	0.0	0.0	0	0:00:17.858593
239	5	84497.0	-1	0.0	0.0	0.0	0.0	0	0:00:17.913136
240	1	199997.0	1	0.0	1.79	1.9	1.91	1	0:00:28.406171
241	1	189825.0	1	0.0	1.1	0.83	0.811	1	0:00:24.756875
242	8	0	0	0.0	0.0	0.0	0.0	0	0:00:00.021066
243	9	163320.0	9	0.0	0.78	0.471	0.446	1	0:00:24.194371
244	0	198318.0	0	0.0	1.18	1.18	1.18	1	0:00:28.272675
245	3	0	8	0.0	0.0	0.0	0.0	0	0:00:00.020908
246	1	58639.0	-1	0.0	0.0	0.0	0.0	0	0:00:17.836910
247	9	0	8	0.0	0.0	0.0	0.0	0	0:00:00.020657
248	2	196803.0	2	0.0	1.06	1.06	1.06	1	0:00:28.359256
249	2	121496.0	2	0.0	0.393	0.148	0.132	1	0:00:24.216449
250	5	0	7	0.0	0.0	0.0	0.0	0	0:00:00.021070
251	3	113028.0	3	0.0	0.279	0.0938	0.0777	1	0:00:23.866677
252	9	197957.0	9	0.0	1.14	1.15	1.15	1	0:00:28.348111
253	9	187564.0	9	0.0	0.985	0.804	0.762	1	0:00:24.269443
254	4	0	6	0.0	0.0	0.0	0.0	0	0:00:00.020887
255	0	0	9	0.0	0.0	0.0	0.0	0	0:00:00.020586
256	3	0	6	0.0	0.0	0.0	0.0	0	0:00:00.020574
257	0	199979.0	0	0.0	1.71	1.77	1.77	1	0:00:28.341760
258	0	0	8	0.0	0.0	0.0	0.0	0	0:00:00.021143
259	9	130963.0	9	0.0	0.486	0.218	0.195	1	0:00:23.792524
260	8	102362.0	8	0.0	0.0648	0.0125	0.0105	1	0:00:24.360678
261	1	176170.0	1	0.0	0.84	0.629	0.584	1	0:00:24.336360
262	5	105218.0	5	0.0	0.149	0.0351	0.0284	1	0:00:24.260842
263	7	0	3	0.0	0.0	0.0	0.0	0	0:00:00.020887
264	0	0	8	0.0	0.0	0.0	0.0	0	0:00:00.020590
265	8	199689.0	8	0.0	1.44	1.45	1.45	1	0:00:28.346636
266	2	0	0	0.0	0.0	0.0	0.0	0	0:00:00.020997
267	4	199434.0	4	0.0	1.36	1.36	1.36	1	0:00:28.319493
268	7	198251.0	7	0.0	1.17	1.17	1.17	1	0:00:28.295720
269	0	129723.0	0	0.0	0.46	0.217	0.186	1	0:00:23.614526
270	2	110366.0	2	0.0	0.25	0.0718	0.0608	1	0:00:23.847839
271	3	98733.0	-1	0.0	0.0	0.0	0.0	0	0:00:17.929755
272	6	199794.0	6	0.0	1.5	1.51	1.51	1	0:00:28.456024
273	3	164541.0	3	0.0	0.799	0.479	0.458	1	0:00:24.230670
274	8	170925.0	8	0.0	0.826	0.554	0.523	1	0:00:24.257224
275	5	102015.0	5	0.0	0.00795	0.0105	0.00829	1	0:00:25.044063
276	0	164308.0	0	0.0	0.768	0.486	0.456	1	0:00:24.154434
277	3	0	2	0.0	0.0	0.0	0.0	0	0:00:00.020898
278	4	0	5	0.0	0.0	0.0	0.0	0	0:00:00.020566
279	3	0	5	0.0	0.0	0.0	0.0	0	0:00:00.020600
280	9	196604.0	9	0.0	1.05	1.05	1.05	1	0:00:28.294056
281	0	81670.0	-1	0.0	0.0	0.0	0.0	0	0:00:17.804613
282	6	178972.0	6	0.0	0.912	0.65	0.621	1	0:00:24.580739
283	1	195521.0	1	0.0	0.992	0.993	0.994	1	0:00:28.286472
284	0	0	9	0.0	0.0	0.0	0.0	0	0:00:00.020959
285	9	199985.0	9	0.0	1.73	1.8	1.8	1	0:00:28.277919
286	1	172517.0	1	0.0	0.88	0.562	0.541	1	0:00:24.421130
287	0	0	8	0.0	0.0	0.0	0.0	0	0:00:00.020865
288	7	199032.0	7	0.0	1.27	1.28	1.28	1	0:00:28.251124
289	9	199611.0	9	0.0	1.41	1.42	1.42	1	0:00:28.254219
290	1	199933.0	1	0.0	1.62	1.65	1.65	1	0:00:28.272300
291	2	189867.0	2	0.0	1.04	0.846	0.812	1	0:00:24.577086
292	6	180218.0	6	0.0	0.925	0.668	0.638	1	0:00:24.724199
293	9	0	1	0.0	0.0	0.0	0.0	0	0:00:00.020949
294	3	199935.0	3	0.0	1.62	1.65	1.65	1	0:00:28.345702
295	4	0	2	0.0	0.0	0.0	0.0	0	0:00:00.021105
296	6	159397.0	6	0.0	0.716	0.445	0.411	1	0:00:23.830281
297	0	200000.0	0	0.0	1.82	1.98	1.99	1	0:00:28.353523
298	0	199953.0	0	0.0	1.65	1.69	1.69	1	0:00:28.335357
299	6	181948.0	6	0.0	0.934	0.697	0.663	1	0:00:24.830170
300	6	183185.0	6	0.0	1.02	0.699	0.683	1	0:00:25.040638
301	6	181780.0	6	0.0	0.926	0.697	0.661	1	0:00:24.134527
302	3	0	5	0.0	0.0	0.0	0.0	0	0:00:00.020886
303	2	77264.0	-1	0.0	0.0	0.0	0.0	0	0:00:17.960571
304	6	0	2	0.0	0.0	0.0	0.0	0	0:00:00.020666
305	1	153647.0	1	0.0	0.691	0.386	0.362	1	0:00:24.492792
306	8	0	1	0.0	0.0	0.0	0.0	0	0:00:00.020890
307	2	162986.0	2	0.0	0.733	0.483	0.443	1	0:00:23.905861
308	1	193204.0	1	0.0	1.44	0.905	0.904	1	0:00:19.639311
309	6	0	2	0.0	0.0	0.0	0.0	0	0:00:00.020772
310	8	183696.0	8	0.0	1.0	0.713	0.691	1	0:00:24.895092
311	6	199995.0	6	0.0	1.78	1.88	1.88	1	0:00:28.280849
312	8	0	0	0.0	0.0	0.0	0.0	0	0:00:00.021240
313	0	169283.0	0	0.0	0.811	0.535	0.505	1	0:00:24.085115
314	4	0	3	0.0	0.0	0.0	0.0	0	0:00:00.020920
315	0	199977.0	0	0.0	1.71	1.76	1.76	1	0:00:28.249885
316	7	0	2	0.0	0.0	0.0	0.0	0	0:00:00.021356
317	7	187565.0	7	0.0	1.08	0.778	0.762	1	0:00:25.202572
318	5	195395.0	5	0.0	0.987	0.987	0.988	1	0:00:28.233188
319	5	87635.0	-1	0.0	0.0	0.0	0.0	0	0:00:17.790113
320	3	177219.0	3	0.0	0.848	0.646	0.597	1	0:00:24.330409
321	5	131447.0	5	0.0	0.498	0.219	0.198	1	0:00:23.875727
322	2	0	6	0.0	0.0	0.0	0.0	0	0:00:00.020886
323	3	0	6	0.0	0.0	0.0	0.0	0	0:00:00.020549
324	4	0	3	0.0	0.0	0.0	0.0	0	0:00:00.020585
325	1	176402.0	1	0.0	0.885	0.616	0.587	1	0:00:24.401386
326	7	0	2	0.0	0.0	0.0	0.0	0	0:00:00.021122
327	5	0	3	0.0	0.0	0.0	0.0	0	0:00:00.020609
328	4	0	9	0.0	0.0	0.0	0.0	0	0:00:00.020587
329	6	0	3	0.0	0.0	0.0	0.0	0	0:00:00.020553
330	1	184429.0	1	0.0	1.08	0.714	0.703	1	0:00:25.384343
331	9	199802.0	9	0.0	1.5	1.51	1.51	1	0:00:28.299685
332	3	0	6	0.0	0.0	0.0	0.0	0	0:00:00.021370
333	6	199281.0	6	0.0	1.32	1.32	1.32	1	0:00:28.267058
334	6	196418.0	6	0.0	1.04	1.04	1.04	1	0:00:28.264645
335	9	193394.0	9	0.0	1.39	0.912	0.911	1	0:00:19.592593
336	3	187350.0	3	0.0	1.07	0.776	0.757	1	0:00:24.659934
337	8	186384.0	8	0.0	1.01	0.766	0.739	1	0:00:24.312865
338	0	194970.0	0	0.0	1.37	0.973	0.97	1	0:00:19.485550
339	7	113501.0	7	0.0	0.295	0.0941	0.0807	1	0:00:23.880181
340	2	0	4	0.0	0.0	0.0	0.0	0	0:00:00.021011
341	6	0	5	0.0	0.0	0.0	0.0	0	0:00:00.020653
342	2	0	0	0.0	0.0	0.0	0.0	0	0:00:00.020597
343	5	0	7	0.0	0.0	0.0	0.0	0	0:00:00.020569
344	8	198870.0	8	0.0	1.25	1.25	1.25	1	0:00:28.365517
345	5	196332.0	5	0.0	1.03	1.03	1.03	1	0:00:28.341725
346	4	0	7	0.0	0.0	0.0	0.0	0	0:00:00.020913
347	6	138364.0	6	0.0	0.513	0.291	0.246	1	0:00:23.738401
348	8	200000.0	8	0.0	1.82	1.98	1.99	1	0:00:28.336333
349	9	185293.0	9	0.0	1.04	0.737	0.719	1	0:00:25.123675
350	9	174203.0	9	0.0	0.827	0.604	0.56	1	0:00:24.343668
351	1	104519.0	1	0.0	0.0499	0.0295	0.024	1	0:00:24.756585
352	0	0	8	0.0	0.0	0.0	0.0	0	0:00:00.020930
353	2	200000.0	2	0.0	1.82	1.98	1.99	1	0:00:28.371193
354	2	0	4	0.0	0.0	0.0	0.0	0	0:00:00.021109
355	7	0	3	0.0	0.0	0.0	0.0	0	0:00:00.020537
356	3	0	2	0.0	0.0	0.0	0.0	0	0:00:00.020561
357	2	0	7	0.0	0.0	0.0	0.0	0	0:00:00.020578
358	8	0	1	0.0	0.0	0.0	0.0	0	0:00:00.020593
359	0	115292.0	0	0.0	0.3	0.119	0.0921	1	0:00:23.895017
360	9	145979.0	9	0.0	0.623	0.327	0.302	1	0:00:24.221558
361	5	144068.0	5	0.0	0.607	0.309	0.287	1	0:00:24.272187
362	8	199997.0	8	0.0	1.79	1.9	1.91	1	0:00:28.325243
363	1	0	8	0.0	0.0	0.0	0.0	0	0:00:00.021085
364	9	199942.0	9	0.0	1.63	1.66	1.67	1	0:00:28.336504
365	4	75207.0	-1	0.0	0.0	0.0	0.0	0	0:00:17.883306
366	1	127692.0	1	0.0	0.444	0.201	0.173	1	0:00:23.847403
367	3	0	1	0.0	0.0	0.0	0.0	0	0:00:00.020936
368	8	0	0	0.0	0.0	0.0	0.0	0	0:00:00.020611
369	1	149665.0	1	0.0	0.645	0.358	0.33	1	0:00:24.382364
370	4	0	3	0.0	0.0	0.0	0.0	0	0:00:00.020905
371	7	199978.0	7	0.0	1.71	1.76	1.77	1	0:00:28.290356
372	9	192949.0	9	0.0	1.26	0.904	0.896	1	0:00:25.110313
373	4	161042.0	4	0.0	0.692	0.479	0.425	1	0:00:23.649610
374	2	138097.0	2	0.0	0.6	0.258	0.244	1	0:00:24.239986
375	7	188648.0	7	0.0	1.03	0.817	0.784	1	0:00:24.467596
376	0	0	8	0.0	0.0	0.0	0.0	0	0:00:00.020901
377	7	0	4	0.0	0.0	0.0	0.0	0	0:00:00.020656
378	0	0	2	0.0	0.0	0.0	0.0	0	0:00:00.020570
379	6	193075.0	6	0.0	1.28	0.906	0.9	1	0:00:24.806940
380	6	163862.0	6	0.0	0.719	0.503	0.451	1	0:00:23.802297
381	9	184699.0	9	0.0	1.01	0.73	0.708	1	0:00:24.975735
382	0	195546.0	0	0.0	0.993	0.994	0.995	1	0:00:28.224298
383	9	172037.0	9	0.0	0.813	0.575	0.535	1	0:00:24.211559
384	2	122406.0	2	0.0	0.371	0.173	0.138	1	0:00:23.458490
385	8	0	0	0.0	0.0	0.0	0.0	0	0:00:00.021244
386	7	185894.0	7	0.0	1.05	0.748	0.729	1	0:00:25.231231
387	2	0	5	0.0	0.0	0.0	0.0	0	0:00:00.021136
388	2	0	5	0.0	0.0	0.0	0.0	0	0:00:00.020510
389	5	197631.0	5	0.0	1.12	1.12	1.12	1	0:00:28.291040
390	1	199881.0	1	0.0	1.56	1.58	1.58	1	0:00:28.351470
391	2	168313.0	2	0.0	0.88	0.509	0.495	1	0:00:24.453607
392	6	194206.0	6	0.0	1.2	0.956	0.939	1	0:00:25.336727
393	2	0	3	0.0	0.0	0.0	0.0	0	0:00:00.021171
394	9	99626.0	-1	0.0	0.0	0.0	0.0	0	0:00:17.875616
395	6	166695.0	6	0.0	0.785	0.51	0.479	1	0:00:24.325883
396	2	188402.0	2	0.0	1.11	0.794	0.779	1	0:00:24.815559
397	3	168213.0	3	0.0	0.771	0.538	0.494	1	0:00:24.109516
398	0	123905.0	0	0.0	0.398	0.177	0.148	1	0:00:23.735898
399	3	0	9	0.0	0.0	0.0	0.0	0	0:00:00.021137
400	9	198292.0	9	0.0	1.18	1.18	1.18	1	0:00:28.316952
401	8	134687.0	8	0.0	0.506	0.249	0.22	1	0:00:23.753086
402	7	68356.0	-1	0.0	0.0	0.0	0.0	0	0:00:17.889314
403	8	195647.0	8	0.0	0.998	0.999	1.0	1	0:00:18.522128
404	8	173398.0	8	0.0	0.848	0.582	0.551	1	0:00:24.501961
405	4	0	2	0.0	0.0	0.0	0.0	0	0:00:00.021022
406	0	199961.0	0	0.0	1.67	1.71	1.71	1	0:00:28.333714
407	1	147019.0	1	0.0	0.617	0.341	0.309	1	0:00:24.130733
408	8	128779.0	8	0.0	0.444	0.215	0.18	1	0:00:23.546149
409	2	191221.0	2	0.0	1.2	0.855	0.846	1	0:00:24.887382
410	7	150753.0	7	0.0	0.648	0.371	0.338	1	0:00:23.679388
411	9	123323.0	9	0.0	0.402	0.167	0.144	1	0:00:23.591350
412	3	0	5	0.0	0.0	0.0	0.0	0	0:00:00.021167
413	6	196963.0	6	0.0	1.07	1.07	1.07	1	0:00:28.276425
414	1	194607.0	1	0.0	0.953	0.954	0.955	1	0:00:28.202029
415	9	197865.0	9	0.0	1.14	1.14	1.14	1	0:00:28.252082
416	0	75236.0	-1	0.0	0.0	0.0	0.0	0	0:00:17.792300
417	7	183713.0	7	0.0	1.01	0.712	0.691	1	0:00:25.006922
418	3	0	5	0.0	0.0	0.0	0.0	0	0:00:00.020938
419	7	149971.0	7	0.0	0.626	0.37	0.332	1	0:00:23.737680
420	4	189633.0	4	0.0	1.08	0.829	0.806	1	0:00:24.675605
421	5	0	3	0.0	0.0	0.0	0.0	0	0:00:00.021040
422	0	0	8	0.0	0.0	0.0	0.0	0	0:00:00.020530
423	0	199289.0	0	0.0	1.32	1.33	1.33	1	0:00:28.321382
424	2	101374.0	2	0.0	0.00393	0.00602	0.00428	1	0:00:25.146265
425	9	199149.0	9	0.0	1.29	1.3	1.3	1	0:00:28.297657
426	3	0	5	0.0	0.0	0.0	0.0	0	0:00:00.021413
427	4	0	3	0.0	0.0	0.0	0.0	0	0:00:00.020528
428	0	75018.0	-1	0.0	0.0	0.0	0.0	0	0:00:17.858413
429	6	199997.0	6	0.0	1.79	1.9	1.91	1	0:00:28.372584
430	2	0	4	0.0	0.0	0.0	0.0	0	0:00:00.021161
431	5	0	3	0.0	0.0	0.0	0.0	0	0:00:00.020679
432	3	0	5	0.0	0.0	0.0	0.0	0	0:00:00.020627
433	7	0	3	0.0	0.0	0.0	0.0	0	0:00:00.020634
434	3	0	9	0.0	0.0	0.0	0.0	0	0:00:00.020570
435	7	168459.0	7	0.0	0.83	0.521	0.497	1	0:00:24.405489
436	2	0	3	0.0	0.0	0.0	0.0	0	0:00:00.021134
437	5	0	4	0.0	0.0	0.0	0.0	0	0:00:00.020545
438	3	189059.0	3	0.0	1.09	0.812	0.793	1	0:00:24.747191
439	1	0	9	0.0	0.0	0.0	0.0	0	0:00:00.021138
440	1	162830.0	1	0.0	0.794	0.461	0.442	1	0:00:24.319993
441	4	109257.0	4	0.0	0.213	0.0753	0.0538	1	0:00:23.996434
442	9	199975.0	9	0.0	1.7	1.75	1.76	1	0:00:28.409121
443	9	196824.0	9	0.0	1.06	1.06	1.06	1	0:00:28.310812
444	5	0	3	0.0	0.0	0.0	0.0	0	0:00:00.021523
445	7	0	2	0.0	0.0	0.0	0.0	0	0:00:00.020591
446	5	91472.0	-1	0.0	0.0	0.0	0.0	0	0:00:17.850295
447	0	199920.0	0	0.0	1.6	1.63	1.63	1	0:00:28.329533
448	2	195716.0	2	0.0	1.38	1.01	1.0	1	0:00:19.474792
449	2	148556.0	2	0.0	0.671	0.34	0.321	1	0:00:24.410892
450	2	183501.0	2	0.0	0.986	0.712	0.688	1	0:00:24.933047
451	9	165724.0	9	0.0	0.805	0.493	0.469	1	0:00:24.294227
452	7	196338.0	7	0.0	1.03	1.03	1.03	1	0:00:28.363659
453	3	105200.0	3	0.0	0.126	0.0383	0.0283	1	0:00:24.273695
454	9	155253.0	9	0.0	0.707	0.4	0.375	1	0:00:23.888221
455	4	0	2	0.0	0.0	0.0	0.0	0	0:00:00.020910
456	3	0	2	0.0	0.0	0.0	0.0	0	0:00:00.020536
457	5	0	7	0.0	0.0	0.0	0.0	0	0:00:00.020540
458	4	0	6	0.0	0.0	0.0	0.0	0	0:00:00.020533
459	6	0	9	0.0	0.0	0.0	0.0	0	0:00:00.020515
460	5	197830.0	5	0.0	1.13	1.13	1.14	1	0:00:28.327294
461	6	176316.0	6	0.0	0.853	0.627	0.586	1	0:00:24.368321
462	1	199990.0	1	0.0	1.75	1.83	1.84	1	0:00:28.339696
463	4	0	5	0.0	0.0	0.0	0.0	0	0:00:00.021403
464	3	120010.0	3	0.0	0.342	0.167	0.122	1	0:00:23.483468
465	4	100615.0	-1	0.0	0.0	0.0	0.0	0	0:00:17.905909
466	4	178330.0	4	0.0	0.997	0.624	0.612	1	0:00:25.052677
467	3	102268.0	3	0.0	0.00954	0.0116	0.00988	1	0:00:25.081086
468	7	154477.0	7	0.0	0.75	0.384	0.369	1	0:00:24.458214
469	8	195572.0	8	0.0	0.995	0.995	0.996	1	0:00:28.238658
470	3	98436.0	-1	0.0	0.0	0.0	0.0	0	0:00:17.782599
471	7	181300.0	7	0.0	0.965	0.676	0.654	1	0:00:24.734272
472	8	199534.0	8	0.0	1.38	1.39	1.39	1	0:00:28.241605
473	0	105542.0	0	0.0	0.121	0.0408	0.0304	1	0:00:24.238847
474	5	196929.0	5	0.0	1.07	1.07	1.07	1	0:00:28.258456
475	7	195737.0	7	0.0	1.0	1.0	1.0	1	0:00:28.229490
476	6	114833.0	6	0.0	0.299	0.112	0.0891	1	0:00:23.855006
477	0	0	8	0.0	0.0	0.0	0.0	0	0:00:00.021098
478	5	0	2	0.0	0.0	0.0	0.0	0	0:00:00.020532
479	4	73977.0	-1	0.0	0.0	0.0	0.0	0	0:00:17.816670
480	8	0	9	0.0	0.0	0.0	0.0	0	0:00:00.020769
481	6	194714.0	6	0.0	1.27	0.969	0.959	1	0:00:25.267207
482	8	192431.0	8	0.0	1.14	0.901	0.88	1	0:00:24.869947
483	5	0	4	0.0	0.0	0.0	0.0	0	0:00:00.021011
484	5	175107.0	5	0.0	0.822	0.622	0.571	1	0:00:24.225504
485	9	0	8	0.0	0.0	0.0	0.0	0	0:00:00.021113
486	9	199950.0	9	0.0	1.65	1.68	1.68	1	0:00:28.353239
487	9	192216.0	9	0.0	1.27	0.879	0.874	1	0:00:25.533170
488	5	98459.0	-1	0.0	0.0	0.0	0.0	0	0:00:17.869671
489	0	199286.0	0	0.0	1.32	1.32	1.33	1	0:00:28.356146
490	1	197077.0	1	0.0	1.08	1.08	1.08	1	0:00:28.338260
491	0	0	7	0.0	0.0	0.0	0.0	0	0:00:00.021223
492	8	0	0	0.0	0.0	0.0	0.0	0	0:00:00.020636
493	1	181716.0	1	0.0	0.983	0.681	0.66	1	0:00:24.949142
494	1	0	8	0.0	0.0	0.0	0.0	0	0:00:00.021177
495	8	195273.0	8	0.0	0.981	0.982	0.983	1	0:00:28.270504
496	0	0	8	0.0	0.0	0.0	0.0	0	0:00:00.021383
497	2	199826.0	2	0.0	1.52	1.53	1.53	1	0:00:28.329125
498	2	189951.0	2	0.0	1.11	0.832	0.814	1	0:00:24.882185
499	0	166201.0	0	0.0	0.84	0.491	0.474	1	0:00:24.387973
500	4	0	6	0.0	0.0	0.0	0.0	0	0:00:00.021104
501	6	195489.0	6	0.0	0.991	0.992	0.992	1	0:00:18.488911
502	5	0	3	0.0	0.0	0.0	0.0	0	0:00:00.020769
503	4	145582.0	4	0.0	0.573	0.349	0.299	1	0:00:23.387345
504	9	194093.0	9	0.0	1.21	0.951	0.935	1	0:00:25.343939
505	4	168660.0	4	0.0	0.81	0.529	0.499	1	0:00:24.322560
506	7	195623.0	7	0.0	0.997	0.998	0.998	1	0:00:28.305809
507	9	197724.0	9	0.0	1.12	1.13	1.13	1	0:00:28.317138
508	9	0	3	0.0	0.0	0.0	0.0	0	0:00:00.021074
509	4	180171.0	4	0.0	0.882	0.684	0.637	1	0:00:23.792898
510	5	183826.0	5	0.0	0.994	0.716	0.693	1	0:00:24.981452
511	6	197636.0	6	0.0	1.12	1.12	1.12	1	0:00:28.298790
512	6	193860.0	6	0.0	1.36	0.93	0.927	1	0:00:19.588439
513	1	0	9	0.0	0.0	0.0	0.0	0	0:00:00.020953
514	5	198065.0	5	0.0	1.15	1.16	1.16	1	0:00:28.323696
515	3	138518.0	3	0.0	0.517	0.293	0.247	1	0:00:23.725854
516	8	199995.0	8	0.0	1.78	1.88	1.88	1	0:00:28.323494
517	9	195981.0	9	0.0	1.01	1.02	1.02	1	0:00:28.307642
518	5	0	7	0.0	0.0	0.0	0.0	0	0:00:00.021239
519	8	198166.0	8	0.0	1.16	1.17	1.17	1	0:00:28.276571
520	5	148931.0	5	0.0	0.642	0.353	0.324	1	0:00:24.342769
521	7	199923.0	7	0.0	1.61	1.63	1.63	1	0:00:28.399062
522	0	193241.0	0	0.0	1.22	0.917	0.906	1	0:00:25.247313
523	7	196287.0	7	0.0	1.03	1.03	1.03	1	0:00:28.347533
524	0	167768.0	0	0.0	0.807	0.518	0.49	1	0:00:24.249438
525	5	81215.0	-1	0.0	0.0	0.0	0.0	0	0:00:17.908242
526	0	0	4	0.0	0.0	0.0	0.0	0	0:00:00.020648
527	0	198458.0	0	0.0	1.19	1.2	1.2	1	0:00:28.412441
528	4	0	0	0.0	0.0	0.0	0.0	0	0:00:00.021407
529	6	199243.0	6	0.0	1.31	1.32	1.32	1	0:00:28.295922
530	9	189117.0	9	0.0	1.06	0.82	0.795	1	0:00:24.579572
531	0	0	8	0.0	0.0	0.0	0.0	0	0:00:00.020892
532	9	0	1	0.0	0.0	0.0	0.0	0	0:00:00.020530
533	5	199906.0	5	0.0	1.59	1.61	1.61	1	0:00:28.265890
534	6	173998.0	6	0.0	0.822	0.603	0.558	1	0:00:24.171108
535	6	177358.0	6	0.0	0.88	0.634	0.599	1	0:00:24.369189
536	6	151415.0	6	0.0	0.663	0.373	0.344	1	0:00:23.704213
537	2	0	6	0.0	0.0	0.0	0.0	0	0:00:00.021709
538	9	124452.0	9	0.0	0.424	0.174	0.151	1	0:00:23.660126
539	0	155957.0	0	0.0	0.667	0.423	0.381	1	0:00:23.692811
540	1	183579.0	1	0.0	0.996	0.71	0.689	1	0:00:24.986293
541	7	166987.0	7	0.0	0.798	0.511	0.482	1	0:00:24.229730
542	6	197825.0	6	0.0	1.13	1.13	1.13	1	0:00:28.302860
543	7	190198.0	7	0.0	1.22	0.827	0.82	1	0:00:25.640003
544	5	199219.0	5	0.0	1.31	1.31	1.31	1	0:00:28.283528
545	9	196783.0	9	0.0	1.06	1.06	1.06	1	0:00:28.272391
546	1	199650.0	1	0.0	1.43	1.43	1.43	1	0:00:28.312729
547	6	174999.0	6	0.0	0.876	0.598	0.57	1	0:00:24.392536
548	2	0	6	0.0	0.0	0.0	0.0	0	0:00:00.020940
549	5	99872.0	-1	0.0	0.0	0.0	0.0	0	0:00:17.886539
550	5	0	2	0.0	0.0	0.0	0.0	0	0:00:00.020669
551	5	0	3	0.0	0.0	0.0	0.0	0	0:00:00.020595
552	8	165452.0	8	0.0	0.809	0.49	0.467	1	0:00:24.383093
553	5	0	3	0.0	0.0	0.0	0.0	0	0:00:00.021061
554	9	162866.0	9	0.0	0.762	0.471	0.442	1	0:00:24.069146
555	4	0	8	0.0	0.0	0.0	0.0	0	0:00:00.021136
556	6	136281.0	6	0.0	0.52	0.265	0.231	1	0:00:23.795512
557	4	194513.0	4	0.0	0.95	0.95	0.951	1	0:00:28.340677
558	3	198924.0	3	0.0	1.25	1.26	1.26	1	0:00:28.283666
559	2	176906.0	2	0.0	0.849	0.639	0.593	1	0:00:24.324965
560	0	199400.0	0	0.0	1.35	1.35	1.35	1	0:00:28.274231
561	7	192094.0	7	0.0	1.12	0.894	0.87	1	0:00:24.899661
562	6	102658.0	6	0.0	0.012	0.0154	0.0123	1	0:00:24.968264
563	2	77972.0	-1	0.0	0.0	0.0	0.0	0	0:00:17.917410
564	2	99550.0	-1	0.0	0.0	0.0	0.0	0	0:00:17.991101
565	3	0	5	0.0	0.0	0.0	0.0	0	0:00:00.020706
566	9	191290.0	9	0.0	1.17	0.861	0.848	1	0:00:25.025426
567	7	0	3	0.0	0.0	0.0	0.0	0	0:00:00.020912
568	9	198312.0	9	0.0	1.18	1.18	1.18	1	0:00:28.325693
569	2	169153.0	2	0.0	0.796	0.54	0.504	1	0:00:24.173706
570	6	140249.0	6	0.0	0.573	0.285	0.259	1	0:00:23.808340
571	7	199809.0	7	0.0	1.51	1.52	1.52	1	0:00:28.231391
572	1	160255.0	1	0.0	0.731	0.449	0.418	1	0:00:23.844164
573	3	0	6	0.0	0.0	0.0	0.0	0	0:00:00.021058
574	6	181779.0	6	0.0	1.06	0.671	0.661	1	0:00:24.956084
575	6	147200.0	6	0.0	0.594	0.356	0.311	1	0:00:23.449356
576	8	199911.0	8	0.0	1.59	1.61	1.62	1	0:00:28.237247
577	9	0	8	0.0	0.0	0.0	0.0	0	0:00:00.021293
578	7	167786.0	7	0.0	0.821	0.513	0.49	1	0:00:24.175748
579	5	0	2	0.0	0.0	0.0	0.0	0	0:00:00.020994
580	4	169508.0	4	0.0	0.789	0.549	0.508	1	0:00:24.109359
581	0	189943.0	0	0.0	1.09	0.835	0.814	1	0:00:24.640329
582	8	192273.0	8	0.0	1.27	0.881	0.875	1	0:00:24.910159
583	4	58613.0	-1	0.0	0.0	0.0	0.0	0	0:00:17.865694
584	0	199005.0	0	0.0	1.27	1.27	1.27	1	0:00:28.329768
585	9	105520.0	9	0.0	0.154	0.0367	0.0303	1	0:00:24.161082
586	3	0	6	0.0	0.0	0.0	0.0	0	0:00:00.021061
587	4	144177.0	4	0.0	0.552	0.345	0.288	1	0:00:23.293509
588	8	191314.0	8	0.0	1.15	0.864	0.848	1	0:00:24.917213
589	9	194680.0	9	0.0	1.4	0.96	0.958	1	0:00:19.622823
590	6	195815.0	6	0.0	1.01	1.01	1.01	1	0:00:28.412014
591	9	174344.0	9	0.0	0.872	0.59	0.562	1	0:00:24.430527
592	2	199774.0	2	0.0	1.48	1.49	1.5	1	0:00:28.348351
593	6	149088.0	6	0.0	0.589	0.386	0.325	1	0:00:23.417032
594	1	104314.0	1	0.0	0.0224	0.0304	0.0227	1	0:00:24.864023
595	4	124736.0	4	0.0	0.409	0.183	0.153	1	0:00:23.782108
596	7	162540.0	7	0.0	0.754	0.469	0.439	1	0:00:24.009439
597	3	0	9	0.0	0.0	0.0	0.0	0	0:00:00.021086
598	5	160341.0	5	0.0	0.697	0.466	0.419	1	0:00:23.893117
599	3	0	6	0.0	0.0	0.0	0.0	0	0:00:00.020810
600	8	197894.0	8	0.0	1.14	1.14	1.14	1	0:00:28.342320
601	5	154029.0	5	0.0	0.686	0.389	0.365	1	0:00:24.337781
602	0	113262.0	0	0.0	0.284	0.0897	0.0791	1	0:00:23.899668
603	2	173657.0	2	0.0	0.81	0.602	0.554	1	0:00:24.265912
604	1	199878.0	1	0.0	1.56	1.58	1.58	1	0:00:28.378666
605	6	199873.0	6	0.0	1.55	1.57	1.57	1	0:00:28.354427
606	4	136569.0	4	0.0	0.509	0.271	0.233	1	0:00:23.661225
607	3	0	5	0.0	0.0	0.0	0.0	0	0:00:00.021054
608	3	188009.0	3	0.0	1.08	0.788	0.771	1	0:00:24.702197
609	9	199012.0	9	0.0	1.27	1.27	1.27	1	0:00:28.313586
610	6	177398.0	6	0.0	0.948	0.617	0.6	1	0:00:24.826898
611	9	198805.0	9	0.0	1.24	1.24	1.24	1	0:00:28.282510
612	8	194256.0	8	0.0	1.39	0.944	0.941	1	0:00:19.626944
613	8	197914.0	8	0.0	1.14	1.14	1.14	1	0:00:28.348552
614	5	0	6	0.0	0.0	0.0	0.0	0	0:00:00.021136
615	8	100691.0	-1	0.0	0.0	0.0	0.0	0	0:00:17.892406
616	6	184763.0	6	0.0	1.03	0.728	0.709	1	0:00:25.128071
617	6	138677.0	6	0.0	0.528	0.284	0.248	1	0:00:23.814067
618	2	109286.0	2	0.0	0.226	0.0673	0.054	1	0:00:23.920592
619	1	199972.0	1	0.0	1.69	1.74	1.74	1	0:00:28.362887
620	7	167190.0	7	0.0	0.807	0.511	0.484	1	0:00:24.235185
621	7	198480.0	7	0.0	1.2	1.2	1.2	1	0:00:28.322952
622	1	199133.0	1	0.0	1.29	1.29	1.29	1	0:00:28.286236
623	2	197850.0	2	0.0	1.13	1.14	1.14	1	0:00:28.286918
624	7	183779.0	7	0.0	1.05	0.706	0.693	1	0:00:25.048108
625	9	0	1	0.0	0.0	0.0	0.0	0	0:00:00.021084
626	9	199685.0	9	0.0	1.44	1.45	1.45	1	0:00:28.346786
627	4	181828.0	4	0.0	0.861	0.735	0.662	1	0:00:23.692052
628	4	176175.0	4	0.0	0.893	0.611	0.584	1	0:00:24.577998
629	1	68859.0	-1	0.0	0.0	0.0	0.0	0	0:00:17.911310
630	2	0	8	0.0	0.0	0.0	0.0	0	0:00:00.020690
631	5	0	2	0.0	0.0	0.0	0.0	0	0:00:00.020581
632	6	142914.0	6	0.0	0.58	0.309	0.279	1	0:00:24.012867
633	8	62365.0	-1	0.0	0.0	0.0	0.0	0	0:00:17.929907
634	7	80891.0	-1	0.0	0.0	0.0	0.0	0	0:00:17.976061
635	6	172848.0	6	0.0	0.82	0.585	0.544	1	0:00:24.361772
636	8	177649.0	8	0.0	0.909	0.63	0.603	1	0:00:24.525846
637	3	59071.0	-1	0.0	0.0	0.0	0.0	0	0:00:17.848014
638	0	0	8	0.0	0.0	0.0	0.0	0	0:00:00.020701
639	5	0	3	0.0	0.0	0.0	0.0	0	0:00:00.020602
640	5	0	3	0.0	0.0	0.0	0.0	0	0:00:00.020534
641	3	82377.0	-1	0.0	0.0	0.0	0.0	0	0:00:17.917452
642	0	194413.0	0	0.0	1.44	0.948	0.947	1	0:00:19.714191
643	7	199887.0	7	0.0	1.57	1.59	1.59	1	0:00:28.402945
644	9	181535.0	9	0.0	0.937	0.688	0.657	1	0:00:24.801916
645	1	138624.0	1	0.0	0.594	0.264	0.248	1	0:00:24.207179
646	3	136804.0	3	0.0	0.504	0.276	0.235	1	0:00:23.721716
647	4	0	2	0.0	0.0	0.0	0.0	0	0:00:00.021064
648	4	143772.0	4	0.0	0.571	0.326	0.285	1	0:00:23.790200
649	5	195685.0	5	0.0	1.0	1.0	1.0	1	0:00:28.282427
650	3	198400.0	3	0.0	1.19	1.19	1.19	1	0:00:28.267669
651	9	197245.0	9	0.0	1.09	1.09	1.09	1	0:00:28.266342
652	5	0	3	0.0	0.0	0.0	0.0	0	0:00:00.021105
653	6	168252.0	6	0.0	0.774	0.537	0.495	1	0:00:24.037225
654	9	189002.0	9	0.0	1.2	0.799	0.792	1	0:00:25.563339
655	2	0	4	0.0	0.0	0.0	0.0	0	0:00:00.020819
656	1	199872.0	1	0.0	1.55	1.57	1.57	1	0:00:28.291152
657	1	0	9	0.0	0.0	0.0	0.0	0	0:00:00.021163
658	4	134573.0	4	0.0	0.455	0.303	0.219	1	0:00:23.747004
659	1	146361.0	1	0.0	0.689	0.316	0.304	1	0:00:24.376207
660	9	190814.0	9	0.0	1.14	0.851	0.835	1	0:00:24.936181
661	4	0	7	0.0	0.0	0.0	0.0	0	0:00:00.021087
662	7	199924.0	7	0.0	1.61	1.63	1.64	1	0:00:28.350149
663	6	190861.0	6	0.0	1.09	0.862	0.837	1	0:00:24.717035
664	3	182160.0	3	0.0	0.994	0.686	0.667	1	0:00:24.933192
665	8	188370.0	8	0.0	1.04	0.806	0.778	1	0:00:24.619800
666	9	199845.0	9	0.0	1.53	1.54	1.55	1	0:00:28.402701
667	0	198325.0	0	0.0	1.18	1.18	1.18	1	0:00:28.351229
668	1	0	9	0.0	0.0	0.0	0.0	0	0:00:00.021223
669	3	0	5	0.0	0.0	0.0	0.0	0	0:00:00.020622
670	6	197770.0	6	0.0	1.13	1.13	1.13	1	0:00:28.327981
671	3	0	7	0.0	0.0	0.0	0.0	0	0:00:00.021204
672	6	0	4	0.0	0.0	0.0	0.0	0	0:00:00.020600
673	3	199653.0	3	0.0	1.43	1.43	1.44	1	0:00:28.376420
674	2	103305.0	2	0.0	0.016	0.0286	0.0164	1	0:00:24.889964
675	0	124745.0	0	0.0	0.389	0.196	0.153	1	0:00:23.712350
676	3	0	4	0.0	0.0	0.0	0.0	0	0:00:00.020891
677	1	0	9	0.0	0.0	0.0	0.0	0	0:00:00.020560
678	0	98999.0	-1	0.0	0.0	0.0	0.0	0	0:00:17.937318
679	5	0	2	0.0	0.0	0.0	0.0	0	0:00:00.020699
680	9	118420.0	9	0.0	0.334	0.143	0.112	1	0:00:23.613700
681	6	199667.0	6	0.0	1.43	1.44	1.44	1	0:00:28.354554
682	4	0	9	0.0	0.0	0.0	0.0	0	0:00:00.021309
683	8	157726.0	8	0.0	0.694	0.432	0.396	1	0:00:23.764030
684	9	171545.0	9	0.0	0.804	0.572	0.53	1	0:00:24.116350
685	6	0	4	0.0	0.0	0.0	0.0	0	0:00:00.021298
686	9	0	2	0.0	0.0	0.0	0.0	0	0:00:00.020545
687	6	78128.0	-1	0.0	0.0	0.0	0.0	0	0:00:17.784586
688	3	0	6	0.0	0.0	0.0	0.0	0	0:00:00.020632
689	0	0	6	0.0	0.0	0.0	0.0	0	0:00:00.020541
690	3	0	2	0.0	0.0	0.0	0.0	0	0:00:00.020511
691	2	197889.0	2	0.0	1.14	1.14	1.14	1	0:00:28.247720
692	2	0	0	0.0	0.0	0.0	0.0	0	0:00:00.021414
693	7	188244.0	7	0.0	1.13	0.788	0.776	1	0:00:25.429321
694	8	182429.0	8	0.0	0.97	0.696	0.671	1	0:00:24.657194
695	3	0	4	0.0	0.0	0.0	0.0	0	0:00:00.021474
696	8	199813.0	8	0.0	1.51	1.52	1.52	1	0:00:28.226681
697	2	0	4	0.0	0.0	0.0	0.0	0	0:00:00.021241
698	7	148745.0	7	0.0	0.651	0.348	0.323	1	0:00:24.180404
699	5	130416.0	5	0.0	0.451	0.233	0.191	1	0:00:23.551353
700	7	188929.0	7	0.0	1.15	0.801	0.79	1	0:00:25.450620
701	2	99727.0	-1	0.0	0.0	0.0	0.0	0	0:00:17.818615
702	4	58400.0	-1	0.0	0.0	0.0	0.0	0	0:00:17.892013
703	8	0	6	0.0	0.0	0.0	0.0	0	0:00:00.020655
704	7	124118.0	7	0.0	0.385	0.193	0.149	1	0:00:23.709229
705	4	160178.0	4	0.0	0.68	0.475	0.417	1	0:00:23.710976
706	2	0	0	0.0	0.0	0.0	0.0	0	0:00:00.021158
707	9	129817.0	9	0.0	0.469	0.213	0.187	1	0:00:23.791075
708	8	126528.0	8	0.0	0.447	0.186	0.165	1	0:00:23.759772
709	8	199731.0	8	0.0	1.46	1.47	1.47	1	0:00:28.351565
710	6	0	2	0.0	0.0	0.0	0.0	0	0:00:00.021150
711	8	155833.0	8	0.0	0.697	0.41	0.38	1	0:00:23.806027
712	8	196158.0	8	0.0	1.02	1.02	1.03	1	0:00:28.310540
713	7	159319.0	7	0.0	0.728	0.44	0.41	1	0:00:23.953270
714	4	95039.0	-1	0.0	0.0	0.0	0.0	0	0:00:17.937449
715	3	119832.0	3	0.0	0.356	0.148	0.121	1	0:00:23.629028
716	3	0	6	0.0	0.0	0.0	0.0	0	0:00:00.021106
717	8	0	9	0.0	0.0	0.0	0.0	0	0:00:00.020639
718	4	0	7	0.0	0.0	0.0	0.0	0	0:00:00.020947
719	9	0	8	0.0	0.0	0.0	0.0	0	0:00:00.020592
720	4	0	9	0.0	0.0	0.0	0.0	0	0:00:00.020550
721	8	199976.0	8	0.0	1.71	1.76	1.76	1	0:00:28.352401
722	8	199167.0	8	0.0	1.3	1.3	1.3	1	0:00:28.223521
723	1	197723.0	1	0.0	1.12	1.13	1.13	1	0:00:28.220791
724	8	189314.0	8	0.0	1.12	0.815	0.799	1	0:00:24.643435
725	2	0	8	0.0	0.0	0.0	0.0	0	0:00:00.021341
726	1	199411.0	1	0.0	1.35	1.35	1.36	1	0:00:28.199269
727	3	0	5	0.0	0.0	0.0	0.0	0	0:00:00.021128
728	6	140023.0	6	0.0	0.533	0.302	0.258	1	0:00:23.645871
729	5	172964.0	5	0.0	0.837	0.58	0.546	1	0:00:24.264641
730	4	0	3	0.0	0.0	0.0	0.0	0	0:00:00.020847
731	2	0	0	0.0	0.0	0.0	0.0	0	0:00:00.020567
732	7	199977.0	7	0.0	1.71	1.76	1.76	1	0:00:28.250350
733	9	93971.0	-1	0.0	0.0	0.0	0.0	0	0:00:17.821793
734	9	102978.0	9	0.0	0.014	0.0182	0.0143	1	0:00:24.799498
735	4	0	2	0.0	0.0	0.0	0.0	0	0:00:00.021166
736	1	197316.0	1	0.0	1.09	1.09	1.1	1	0:00:28.292653
737	4	197603.0	4	0.0	1.11	1.12	1.12	1	0:00:28.216193
738	1	199844.0	1	0.0	1.53	1.54	1.55	1	0:00:28.279849
739	3	0	5	0.0	0.0	0.0	0.0	0	0:00:00.021119
740	2	0	5	0.0	0.0	0.0	0.0	0	0:00:00.020589
741	7	194809.0	7	0.0	1.42	0.965	0.963	1	0:00:19.561112
742	0	189406.0	0	0.0	1.08	0.825	0.801	1	0:00:24.660262
743	7	195566.0	7	0.0	0.994	0.995	0.996	1	0:00:28.300883
744	9	141340.0	9	0.0	0.535	0.316	0.267	1	0:00:23.776272
745	7	181209.0	7	0.0	0.94	0.682	0.652	1	0:00:24.873793
746	6	127941.0	6	0.0	0.437	0.206	0.174	1	0:00:23.733274
747	6	186797.0	6	0.0	1.07	0.763	0.746	1	0:00:25.419362
748	2	192067.0	2	0.0	1.15	0.887	0.869	1	0:00:24.941579
749	5	0	3	0.0	0.0	0.0	0.0	0	0:00:00.021124
750	9	194127.0	9	0.0	0.935	0.936	0.936	1	0:00:18.469621
751	2	0	0	0.0	0.0	0.0	0.0	0	0:00:00.021183
752	9	194607.0	9	0.0	0.953	0.954	0.955	1	0:00:18.556515
753	1	193173.0	1	0.0	1.28	0.91	0.903	1	0:00:25.061225
754	2	149611.0	2	0.0	0.623	0.369	0.329	1	0:00:23.590200
755	2	0	4	0.0	0.0	0.0	0.0	0	0:00:00.020856
756	6	196034.0	6	0.0	1.49	1.02	1.02	1	0:00:19.642925
757	8	196465.0	8	0.0	1.49	1.04	1.04	1	0:00:19.655223
758	2	100036.0	-1	0.0	0.0	0.0	0.0	0	0:00:17.853118
759	1	198157.0	1	0.0	1.16	1.16	1.17	1	0:00:28.323379
760	3	130016.0	3	0.0	0.447	0.228	0.188	1	0:00:23.601732
761	6	0	5	0.0	0.0	0.0	0.0	0	0:00:00.021075
762	6	109835.0	6	0.0	0.237	0.0712	0.0574	1	0:00:23.836830
763	0	185943.0	0	0.0	1.06	0.747	0.73	1	0:00:25.248930
764	1	199553.0	1	0.0	1.39	1.4	1.4	1	0:00:28.205108
765	2	192842.0	2	0.0	1.15	0.914	0.893	1	0:00:24.871798
766	7	0	4	0.0	0.0	0.0	0.0	0	0:00:00.021080
767	0	68844.0	-1	0.0	0.0	0.0	0.0	0	0:00:17.803428
768	5	129835.0	5	0.0	0.436	0.236	0.187	1	0:00:23.687265
769	4	0	2	0.0	0.0	0.0	0.0	0	0:00:00.021058
770	6	0	5	0.0	0.0	0.0	0.0	0	0:00:00.020597
771	1	188072.0	1	0.0	1.02	0.804	0.772	1	0:00:24.336546
772	6	192082.0	6	0.0	1.16	0.886	0.87	1	0:00:24.983445
773	4	0	5	0.0	0.0	0.0	0.0	0	0:00:00.020920
774	0	199046.0	0	0.0	1.27	1.28	1.28	1	0:00:28.279688
775	2	0	4	0.0	0.0	0.0	0.0	0	0:00:00.021467
776	2	0	3	0.0	0.0	0.0	0.0	0	0:00:00.020577
777	6	185706.0	6	0.0	0.983	0.76	0.726	1	0:00:24.257466
778	0	0	4	0.0	0.0	0.0	0.0	0	0:00:00.021227
779	5	0	6	0.0	0.0	0.0	0.0	0	0:00:00.020680
780	9	153536.0	9	0.0	0.674	0.391	0.361	1	0:00:23.754024
781	1	197788.0	1	0.0	1.13	1.13	1.13	1	0:00:28.308351
782	7	199769.0	7	0.0	1.48	1.49	1.49	1	0:00:28.331821
783	6	145318.0	6	0.0	0.57	0.346	0.297	1	0:00:23.223103
784	7	178508.0	7	0.0	0.949	0.635	0.614	1	0:00:24.914246
785	0	162150.0	0	0.0	0.722	0.477	0.435	1	0:00:23.851237
786	3	199879.0	3	0.0	1.56	1.58	1.58	1	0:00:28.359427
787	9	179382.0	9	0.0	0.893	0.663	0.626	1	0:00:24.455370
788	6	173185.0	6	0.0	0.808	0.597	0.548	1	0:00:24.260504
789	8	199071.0	8	0.0	1.28	1.28	1.28	1	0:00:28.341555
790	3	0	0	0.0	0.0	0.0	0.0	0	0:00:00.021106
791	0	200000.0	0	0.0	1.82	1.98	1.99	1	0:00:28.335938
792	3	0	0	0.0	0.0	0.0	0.0	0	0:00:00.021145
793	4	0	9	0.0	0.0	0.0	0.0	0	0:00:00.020613
794	7	143319.0	7	0.0	0.596	0.308	0.282	1	0:00:24.108843
795	7	154111.0	7	0.0	0.678	0.397	0.366	1	0:00:23.894760
796	1	0	5	0.0	0.0	0.0	0.0	0	0:00:00.020860
797	4	0	3	0.0	0.0	0.0	0.0	0	0:00:00.020593
798	7	115832.0	7	0.0	0.321	0.115	0.0955	1	0:00:23.968581
799	2	107819.0	2	0.0	0.19	0.0645	0.0447	1	0:00:23.815973
800	7	199997.0	7	0.0	1.79	1.9	1.91	1	0:00:28.365177
801	1	198585.0	1	0.0	1.21	1.21	1.21	1	0:00:28.325787
802	4	0	2	0.0	0.0	0.0	0.0	0	0:00:00.021177
803	7	199134.0	7	0.0	1.29	1.29	1.29	1	0:00:28.284530
804	4	85207.0	-1	0.0	0.0	0.0	0.0	0	0:00:17.896277
805	4	98949.0	-1	0.0	0.0	0.0	0.0	0	0:00:17.998681
806	8	115110.0	8	0.0	0.298	0.119	0.0909	1	0:00:24.073949
807	4	146900.0	4	0.0	0.565	0.373	0.309	1	0:00:23.331382
808	7	0	0	0.0	0.0	0.0	0.0	0	0:00:00.020858
809	7	0	4	0.0	0.0	0.0	0.0	0	0:00:00.020543
810	5	0	3	0.0	0.0	0.0	0.0	0	0:00:00.020530
811	3	0	5	0.0	0.0	0.0	0.0	0	0:00:00.020572
812	7	196597.0	7	0.0	1.05	1.05	1.05	1	0:00:28.254333
813	2	136798.0	2	0.0	0.493	0.29	0.235	1	0:00:23.604513
814	0	98373.0	-1	0.0	0.0	0.0	0.0	0	0:00:17.751534
815	8	194356.0	8	0.0	0.944	0.944	0.945	1	0:00:28.231092
816	9	172224.0	9	0.0	0.887	0.557	0.537	1	0:00:24.409211
817	5	0	4	0.0	0.0	0.0	0.0	0	0:00:00.021100
818	8	0	1	0.0	0.0	0.0	0.0	0	0:00:00.020644
819	3	100638.0	-1	0.0	0.0	0.0	0.0	0	0:00:17.763275
820	6	88246.0	-1	0.0	0.0	0.0	0.0	0	0:00:17.824364
821	2	0	7	0.0	0.0	0.0	0.0	0	0:00:00.020672
822	0	197209.0	0	0.0	1.09	1.09	1.09	1	0:00:28.257119
823	8	199718.0	8	0.0	1.45	1.46	1.47	1	0:00:28.248331
824	7	191837.0	7	0.0	1.21	0.873	0.863	1	0:00:25.024570
825	3	0	6	0.0	0.0	0.0	0.0	0	0:00:00.021080
826	7	166182.0	7	0.0	0.758	0.516	0.474	1	0:00:23.880437
827	6	188143.0	6	0.0	1.04	0.801	0.773	1	0:00:24.485798
828	5	181218.0	5	0.0	0.971	0.674	0.653	1	0:00:24.746751
829	3	159856.0	3	0.0	0.706	0.452	0.415	1	0:00:23.757846
830	1	190860.0	1	0.0	1.15	0.851	0.837	1	0:00:24.838493
831	3	113670.0	3	0.0	0.27	0.119	0.0817	1	0:00:23.836731
832	2	196343.0	2	0.0	1.03	1.03	1.03	1	0:00:28.300652
833	2	0	3	0.0	0.0	0.0	0.0	0	0:00:00.021461
834	5	0	2	0.0	0.0	0.0	0.0	0	0:00:00.020543
835	4	0	3	0.0	0.0	0.0	0.0	0	0:00:00.020729
836	1	0	9	0.0	0.0	0.0	0.0	0	0:00:00.020570
837	2	145152.0	2	0.0	0.603	0.325	0.295	1	0:00:24.069381
838	9	196369.0	9	0.0	1.03	1.04	1.04	1	0:00:18.473689
839	2	199955.0	2	0.0	1.66	1.69	1.7	1	0:00:28.385374
840	7	199978.0	7	0.0	1.71	1.76	1.77	1	0:00:28.335918
841	0	112347.0	0	0.0	0.255	0.0987	0.0733	1	0:00:23.881290
842	7	199983.0	7	0.0	1.73	1.79	1.79	1	0:00:28.359169
843	2	90233.0	-1	0.0	0.0	0.0	0.0	0	0:00:17.871494
844	1	107452.0	1	0.0	0.194	0.0497	0.0424	1	0:00:24.223711
845	3	0	2	0.0	0.0	0.0	0.0	0	0:00:00.021403
846	2	0	4	0.0	0.0	0.0	0.0	0	0:00:00.020614
847	0	197294.0	0	0.0	1.09	1.09	1.09	1	0:00:28.373554
848	2	106172.0	2	0.0	0.16	0.0509	0.0344	1	0:00:23.686383
849	4	171649.0	4	0.0	0.775	0.589	0.531	1	0:00:24.136927
850	7	0	3	0.0	0.0	0.0	0.0	0	0:00:00.020901
851	9	199883.0	9	0.0	1.56	1.58	1.58	1	0:00:28.357789
852	8	199250.0	8	0.0	1.31	1.32	1.32	1	0:00:28.298234
853	9	0	1	0.0	0.0	0.0	0.0	0	0:00:00.020946
854	0	199650.0	0	0.0	1.43	1.43	1.43	1	0:00:28.296222
855	7	197726.0	7	0.0	1.12	1.13	1.13	1	0:00:28.298508
856	7	148353.0	7	0.0	0.626	0.352	0.32	1	0:00:24.185520
857	0	154280.0	0	0.0	0.609	0.448	0.367	1	0:00:23.548160
858	7	199541.0	7	0.0	1.39	1.39	1.39	1	0:00:28.337762
859	8	199207.0	8	0.0	1.3	1.31	1.31	1	0:00:28.357332
860	4	158421.0	4	0.0	0.702	0.435	0.402	1	0:00:23.845775
861	6	163529.0	6	0.0	0.751	0.482	0.448	1	0:00:23.999354
862	3	0	6	0.0	0.0	0.0	0.0	0	0:00:00.021158
863	3	106116.0	3	0.0	0.156	0.0431	0.034	1	0:00:24.316418
864	0	200000.0	0	0.0	1.82	1.98	1.99	1	0:00:28.353209
865	1	193945.0	1	0.0	0.929	0.929	0.93	1	0:00:28.287862
866	3	0	9	0.0	0.0	0.0	0.0	0	0:00:00.021237
867	7	144016.0	7	0.0	0.604	0.313	0.287	1	0:00:24.213669
868	0	197883.0	0	0.0	1.14	1.14	1.14	1	0:00:28.296851
869	1	76148.0	-1	0.0	0.0	0.0	0.0	0	0:00:17.880182
870	3	0	6	0.0	0.0	0.0	0.0	0	0:00:00.020668
871	1	199997.0	1	0.0	1.79	1.9	1.91	1	0:00:28.403555
872	4	186534.0	4	0.0	0.999	0.772	0.741	1	0:00:24.354074
873	2	185971.0	2	0.0	1.12	0.741	0.731	1	0:00:25.479285
874	3	199988.0	3	0.0	1.75	1.82	1.82	1	0:00:28.364400
875	8	194128.0	8	0.0	1.34	0.941	0.936	1	0:00:19.415618
876	4	197641.0	4	0.0	1.12	1.12	1.12	1	0:00:28.353391
877	2	188923.0	2	0.0	1.09	0.81	0.79	1	0:00:24.712655
878	3	0	2	0.0	0.0	0.0	0.0	0	0:00:00.021178
879	7	187309.0	7	0.0	1.07	0.773	0.756	1	0:00:25.327635
880	8	199113.0	8	0.0	1.29	1.29	1.29	1	0:00:28.308852
881	4	86494.0	-1	0.0	0.0	0.0	0.0	0	0:00:17.888474
882	3	0	0	0.0	0.0	0.0	0.0	0	0:00:00.020744
883	0	199997.0	0	0.0	1.79	1.9	1.91	1	0:00:28.425204
884	9	198049.0	9	0.0	1.15	1.15	1.15	1	0:00:28.309170
885	0	195517.0	0	0.0	0.992	0.993	0.994	1	0:00:28.177518
886	0	0	9	0.0	0.0	0.0	0.0	0	0:00:00.021211
887	1	161467.0	1	0.0	0.746	0.459	0.429	1	0:00:23.822963
888	0	0	8	0.0	0.0	0.0	0.0	0	0:00:00.020964
889	4	0	6	0.0	0.0	0.0	0.0	0	0:00:00.020537
890	4	121064.0	4	0.0	0.385	0.151	0.129	1	0:00:23.606033
891	6	182080.0	6	0.0	0.92	0.705	0.666	1	0:00:24.027169
892	7	160174.0	7	0.0	0.797	0.433	0.417	1	0:00:24.205449
893	6	0	3	0.0	0.0	0.0	0.0	0	0:00:00.020825
894	1	198923.0	1	0.0	1.25	1.26	1.26	1	0:00:28.258532
895	1	190023.0	1	0.0	1.15	0.829	0.816	1	0:00:24.798959
896	3	168606.0	3	0.0	0.771	0.543	0.498	1	0:00:24.062483
897	7	164061.0	7	0.0	0.748	0.489	0.453	1	0:00:23.885087
898	3	0	7	0.0	0.0	0.0	0.0	0	0:00:00.021101
899	5	199909.0	5	0.0	1.59	1.61	1.61	1	0:00:28.311960
900	2	113950.0	2	0.0	0.279	0.108	0.0835	1	0:00:23.829884
901	6	194287.0	6	0.0	1.29	0.95	0.942	1	0:00:24.981157
902	6	190622.0	6	0.0	1.13	0.848	0.83	1	0:00:24.899369
903	5	149064.0	5	0.0	0.651	0.351	0.325	1	0:00:24.318730
904	8	151032.0	8	0.0	0.625	0.383	0.341	1	0:00:23.564615
905	7	0	4	0.0	0.0	0.0	0.0	0	0:00:00.021178
906	1	159630.0	1	0.0	0.723	0.445	0.413	1	0:00:23.859521
907	6	154913.0	6	0.0	0.683	0.403	0.372	1	0:00:23.836201
908	8	192533.0	8	0.0	1.19	0.896	0.883	1	0:00:25.245577
909	8	198282.0	8	0.0	1.17	1.18	1.18	1	0:00:28.329807
910	5	121103.0	5	0.0	0.364	0.161	0.129	1	0:00:23.480196
911	3	197988.0	3	0.0	1.15	1.15	1.15	1	0:00:28.326524
912	0	168541.0	0	0.0	0.828	0.521	0.498	1	0:00:24.395898
913	4	190893.0	4	0.0	1.13	0.856	0.837	1	0:00:24.926199
914	0	141432.0	0	0.0	0.53	0.322	0.268	1	0:00:23.835789
915	1	191536.0	1	0.0	1.4	0.855	0.854	1	0:00:19.654815
916	3	0	7	0.0	0.0	0.0	0.0	0	0:00:00.021085
917	8	199666.0	8	0.0	1.43	1.44	1.44	1	0:00:28.380312
918	8	184644.0	8	0.0	1.05	0.723	0.707	1	0:00:25.085312
919	0	0	4	0.0	0.0	0.0	0.0	0	0:00:00.020979
920	6	151182.0	6	0.0	0.628	0.385	0.342	1	0:00:23.541148
921	9	199072.0	9	0.0	1.28	1.28	1.28	1	0:00:28.256900
922	9	182145.0	9	0.0	1.01	0.683	0.667	1	0:00:24.918036
923	9	130585.0	9	0.0	0.494	0.213	0.192	1	0:00:23.660066
924	5	60941.0	-1	0.0	0.0	0.0	0.0	0	0:00:17.819845
925	5	0	3	0.0	0.0	0.0	0.0	0	0:00:00.020661
926	8	199100.0	8	0.0	1.28	1.29	1.29	1	0:00:28.314066
927	6	84196.0	-1	0.0	0.0	0.0	0.0	0	0:00:17.835224
928	0	0	2	0.0	0.0	0.0	0.0	0	0:00:00.020717
929	0	0	8	0.0	0.0	0.0	0.0	0	0:00:00.020490
930	4	152664.0	4	0.0	0.659	0.387	0.354	1	0:00:23.798810
931	2	188899.0	2	0.0	1.06	0.814	0.79	1	0:00:24.724849
932	3	93842.0	-1	0.0	0.0	0.0	0.0	0	0:00:17.857373
933	2	0	3	0.0	0.0	0.0	0.0	0	0:00:00.020630
934	7	200000.0	7	0.0	1.82	1.98	1.99	1	0:00:28.355734
935	2	199915.0	2	0.0	1.6	1.62	1.62	1	0:00:28.274754
936	2	131715.0	2	0.0	0.461	0.243	0.2	1	0:00:23.573632
937	5	177118.0	5	0.0	0.931	0.616	0.596	1	0:00:24.756349
938	9	0	1	0.0	0.0	0.0	0.0	0	0:00:00.021072
939	8	199537.0	8	0.0	1.39	1.39	1.39	1	0:00:28.264383
940	9	198950.0	9	0.0	1.26	1.26	1.26	1	0:00:28.272213
941	1	0	9	0.0	0.0	0.0	0.0	0	0:00:00.021299
942	7	182936.0	7	0.0	0.991	0.701	0.679	1	0:00:24.857126
943	4	144285.0	4	0.0	0.55	0.346	0.289	1	0:00:23.290818
944	0	160366.0	0	0.0	0.732	0.45	0.419	1	0:00:23.935622
945	3	166632.0	3	0.0	0.796	0.507	0.478	1	0:00:24.279458
946	0	199957.0	0	0.0	1.66	1.7	1.7	1	0:00:28.329178
947	1	184260.0	1	0.0	1.0	0.723	0.701	1	0:00:24.918717
948	3	0	4	0.0	0.0	0.0	0.0	0	0:00:00.021403
949	8	190300.0	8	0.0	1.17	0.833	0.822	1	0:00:24.882448
950	3	110722.0	3	0.0	0.245	0.0818	0.063	1	0:00:23.849445
951	9	199095.0	9	0.0	1.28	1.29	1.29	1	0:00:28.331270
952	6	153979.0	6	0.0	0.68	0.395	0.364	1	0:00:23.907444
953	1	0	9	0.0	0.0	0.0	0.0	0	0:00:00.021049
954	4	96832.0	-1	0.0	0.0	0.0	0.0	0	0:00:17.940793
955	7	199607.0	7	0.0	1.41	1.42	1.42	1	0:00:28.432294
956	0	89136.0	-1	0.0	0.0	0.0	0.0	0	0:00:17.870832
957	3	0	6	0.0	0.0	0.0	0.0	0	0:00:00.020648
958	7	167889.0	7	0.0	0.841	0.511	0.491	1	0:00:24.484745
959	8	198769.0	8	0.0	1.23	1.24	1.24	1	0:00:28.315626
960	9	197155.0	9	0.0	1.08	1.08	1.08	1	0:00:28.257130
961	1	160115.0	1	0.0	0.748	0.442	0.417	1	0:00:23.893930
962	1	163693.0	1	0.0	0.777	0.476	0.45	1	0:00:24.129089
963	6	193194.0	6	0.0	1.24	0.913	0.904	1	0:00:25.234696
964	6	133718.0	6	0.0	0.51	0.237	0.214	1	0:00:23.771597
965	6	65029.0	-1	0.0	0.0	0.0	0.0	0	0:00:17.895633
966	6	0	8	0.0	0.0	0.0	0.0	0	0:00:00.020877
967	9	180626.0	9	0.0	0.925	0.675	0.644	1	0:00:24.790555
968	1	197276.0	1	0.0	1.09	1.09	1.09	1	0:00:28.324081
969	9	185013.0	9	0.0	1.03	0.733	0.714	1	0:00:25.008667
970	9	190516.0	9	0.0	1.11	0.847	0.828	1	0:00:24.865199
971	4	153006.0	4	0.0	0.665	0.388	0.357	1	0:00:23.807629
972	2	128145.0	2	0.0	0.443	0.207	0.176	1	0:00:23.710052
973	1	198097.0	1	0.0	1.16	1.16	1.16	1	0:00:28.368319
974	7	0	2	0.0	0.0	0.0	0.0	0	0:00:00.021082
975	0	199902.0	0	0.0	1.58	1.6	1.61	1	0:00:28.346288
976	6	159736.0	6	0.0	0.69	0.46	0.414	1	0:00:23.782280
977	8	195286.0	8	0.0	0.982	0.983	0.983	1	0:00:18.463387
978	1	180382.0	1	0.0	0.915	0.673	0.64	1	0:00:24.797705
979	9	142654.0	9	0.0	0.582	0.308	0.277	1	0:00:24.102751
980	2	0	6	0.0	0.0	0.0	0.0	0	0:00:00.021080
981	9	0	8	0.0	0.0	0.0	0.0	0	0:00:00.020595
982	0	0	2	0.0	0.0	0.0	0.0	0	0:00:00.020513
983	4	142956.0	4	0.0	0.542	0.338	0.279	1	0:00:23.307796
984	7	193069.0	7	0.0	1.44	0.901	0.9	1	0:00:19.736542
985	8	199986.0	8	0.0	1.74	1.8	1.81	1	0:00:28.407426
986	3	130058.0	3	0.0	0.464	0.219	0.189	1	0:00:23.695693
987	1	189218.0	1	0.0	1.09	0.817	0.797	1	0:00:24.718040
988	2	175397.0	2	0.0	0.849	0.613	0.574	1	0:00:24.413647
989	0	114957.0	0	0.0	0.307	0.108	0.0899	1	0:00:23.884310
990	1	174154.0	1	0.0	0.849	0.593	0.56	1	0:00:24.414823
991	5	136389.0	5	0.0	0.521	0.263	0.232	1	0:00:23.814127
992	8	128012.0	8	0.0	0.454	0.2	0.175	1	0:00:23.745904
993	4	0	7	0.0	0.0	0.0	0.0	0	0:00:00.021034
994	6	188597.0	6	0.0	1.13	0.796	0.783	1	0:00:25.538254
995	3	0	5	0.0	0.0	0.0	0.0	0	0:00:00.021196
996	8	97500.0	-1	0.0	0.0	0.0	0.0	0	0:00:17.938238
997	1	177774.0	1	0.0	0.937	0.626	0.605	1	0:00:24.935237
998	3	193886.0	3	0.0	1.2	0.945	0.928	1	0:00:25.255649
999	8	197881.0	8	0.0	1.14	1.14	1.14	1	0:00:28.246634
